60	72.3552392369
100	69.2656530864
140	53.6923121232
180	52.6173473988
220	42.6117838895
260	27.5403014367
300	27.133157567
340	26.4165465564
380	26.220429899
420	12.4751455211
460	11.607442008
500	10.9833533309
540	10.5390608288
580	10.4311947341
620	9.07380986977
660	8.89736770258
700	8.71799149343
740	8.45590487394
780	8.43525668602
820	7.65136208792
860	7.46712695403
900	7.155324592
940	6.98618237322
980	6.70034622499
1020	6.26718179262
1060	6.17100347004
1100	5.87314375033
1140	5.85587684475
1180	5.77637524878
1220	5.62634881701
1260	5.44374186249
1300	5.30261737991
1340	5.29408923472
1380	5.1931831604
1420	5.09468813613
1460	5.02739224082
1500	4.9070965864
1540	4.86434032646
1580	3.48861165285
1620	3.29189695236
1660	2.95917119976
1700	2.36263758607
1740	2.1967163483
1780	1.93831553862
1820	1.81130598809
1860	1.69255950971
1900	1.63122621787
1940	1.59888156722
1980	1.48044709761
2020	1.42570601822
2060	1.4006737451
2100	1.357654896
2140	1.34203391901
2180	1.27574101274
2220	1.24075783614
2260	1.23732158477
2300	1.23025048852
2340	1.20764985976
2380	1.20375165448
2420	1.20361258782
2460	1.13365925277
2500	1.12743693663
2540	1.07597183374
2580	1.07419846975
2620	1.0407840322
2660	1.0407840322
2700	1.03804575572
2740	1.02506457848
2780	1.02085749363
2820	0.964588554859
2860	0.882170954206
2900	0.876591609464
2940	0.875387123431
2980	0.867107237292
3020	0.861177392725
3060	0.86112274989
3100	0.851019021746
3140	0.839767794707
3180	0.80978360438
3220	0.809702681511
3260	0.809702681511
3300	0.809702681511
3340	0.80085598636
3380	0.80085598636
3420	0.784174265545
3460	0.784118872816
3500	0.775500743312
3540	0.774564404699
3580	0.774391228296
3620	0.75588215074
3660	0.696130223052
3700	0.6737323773
3740	0.565891836337
3780	0.560811081072
3820	0.560665842138
3860	0.560661422721
3900	0.560661422721
3940	0.558876987131
3980	0.549581934864
4020	0.546695167351
4060	0.546695167351
4100	0.546695167351
4140	0.546153360375
4180	0.537602268736
4220	0.523946269024
4260	0.523946269024
4300	0.521812986198
4340	0.492383348959
4380	0.492033331102
4420	0.491232914844
4460	0.428511320426
4500	0.423196214749
4540	0.423196214749
4580	0.355771221198
4620	0.304343667693
4660	0.302095187642
4700	0.283629297711
4740	0.283629297711
4780	0.283629297711
4820	0.221295157502
4860	0.221295157502
4900	0.207140416334
4940	0.207140416334
4980	0.207140416334
5020	0.205138309897
