60	14.5617407544	62.62298	65.38484	99803650.0	60.84948	82.40699	2.204371e-05	33.33123	31.18045
100	7.52488424496	77.9112	47.92996	114250500.0	70.33043	93.749	1.986496e-05	51.4212	39.33951
140	6.05117060932	78.01499	50.46897	117623800.0	70.71951	98.44568	1.986893e-05	51.83903	39.45325
180	2.38865719696	78.01499	58.68644	141745200.0	70.71951	98.44568	1.986893e-05	52.39637	39.41726
220	2.0805366521	78.11497	59.98356	144784600.0	71.05006	86.51357	1.98592e-05	52.63253	39.53709
260	1.78468877075	78.97078	60.25073	139040500.0	71.48354	85.08568	1.985078e-05	52.5493	39.45702
300	1.78468877075	78.97078	60.25073	139040500.0	71.48354	85.08568	1.985078e-05	52.5493	39.45702
340	1.78468877075	78.97078	60.25073	139040500.0	71.48354	85.08568	1.985078e-05	52.5493	39.45702
380	1.78468877075	78.97078	60.25073	139040500.0	71.48354	85.08568	1.985078e-05	52.5493	39.45702
420	0.78176529413	79.55373	59.31108	123785600.0	73.6459	81.02435	1.986051e-05	51.91887	40.6026
460	0.69206407283	80.50128	61.22212	125774300.0	73.71667	79.23948	1.974601e-05	52.17337	40.52142
500	0.668102963701	79.55373	61.11997	125915800.0	73.6459	81.02435	1.977215e-05	52.01482	40.48576
540	0.668102963701	79.55373	61.11997	125915800.0	73.6459	81.02435	1.977215e-05	52.01482	40.48576
580	0.637279694655	79.63546	60.6345	122297500.0	73.94419	81.36763	1.928206e-05	50.54936	39.58825
620	0.637279694655	79.63546	60.6345	122297500.0	73.94419	81.36763	1.928206e-05	50.54936	39.58825
660	0.614745292009	79.74417	59.71559	121505400.0	74.5721	80.64533	1.896854e-05	50.59984	39.3841
700	0.614745292009	79.74417	59.71559	121505400.0	74.5721	80.64533	1.896854e-05	50.59984	39.3841
740	0.608522342657	79.74417	60.24982	122073600.0	74.5721	80.64533	1.897165e-05	50.62048	39.36318
780	0.608522342657	79.74417	60.24982	122073600.0	74.5721	80.64533	1.897165e-05	50.62048	39.36318
820	0.58201309409	79.75367	60.40933	122210600.0	74.60237	80.22709	1.89701e-05	50.63159	39.3889
860	0.58201309409	79.75367	60.40933	122210600.0	74.60237	80.22709	1.89701e-05	50.63159	39.3889
900	0.58201309409	79.75367	60.40933	122210600.0	74.60237	80.22709	1.89701e-05	50.63159	39.3889
940	0.58201309409	79.75367	60.40933	122210600.0	74.60237	80.22709	1.89701e-05	50.63159	39.3889
980	0.58201309409	79.75367	60.40933	122210600.0	74.60237	80.22709	1.89701e-05	50.63159	39.3889
1020	0.58201309409	79.75367	60.40933	122210600.0	74.60237	80.22709	1.89701e-05	50.63159	39.3889
1060	0.58201309409	79.75367	60.40933	122210600.0	74.60237	80.22709	1.89701e-05	50.63159	39.3889
1100	0.58201309409	79.75367	60.40933	122210600.0	74.60237	80.22709	1.89701e-05	50.63159	39.3889
1140	0.58201309409	79.75367	60.40933	122210600.0	74.60237	80.22709	1.89701e-05	50.63159	39.3889
1180	0.58201309409	79.75367	60.40933	122210600.0	74.60237	80.22709	1.89701e-05	50.63159	39.3889
1220	0.58201309409	79.75367	60.40933	122210600.0	74.60237	80.22709	1.89701e-05	50.63159	39.3889
1260	0.58201309409	79.75367	60.40933	122210600.0	74.60237	80.22709	1.89701e-05	50.63159	39.3889
1300	0.58201309409	79.75367	60.40933	122210600.0	74.60237	80.22709	1.89701e-05	50.63159	39.3889
1340	0.58201309409	79.75367	60.40933	122210600.0	74.60237	80.22709	1.89701e-05	50.63159	39.3889
1380	0.58201309409	79.75367	60.40933	122210600.0	74.60237	80.22709	1.89701e-05	50.63159	39.3889
1420	0.58201309409	79.75367	60.40933	122210600.0	74.60237	80.22709	1.89701e-05	50.63159	39.3889
1460	0.58201309409	79.75367	60.40933	122210600.0	74.60237	80.22709	1.89701e-05	50.63159	39.3889
1500	0.58201309409	79.75367	60.40933	122210600.0	74.60237	80.22709	1.89701e-05	50.63159	39.3889
1540	0.58201309409	79.75367	60.40933	122210600.0	74.60237	80.22709	1.89701e-05	50.63159	39.3889
1580	0.58201309409	79.75367	60.40933	122210600.0	74.60237	80.22709	1.89701e-05	50.63159	39.3889
1620	0.58201309409	79.75367	60.40933	122210600.0	74.60237	80.22709	1.89701e-05	50.63159	39.3889
1660	0.58201309409	79.75367	60.40933	122210600.0	74.60237	80.22709	1.89701e-05	50.63159	39.3889
1700	0.58201309409	79.75367	60.40933	122210600.0	74.60237	80.22709	1.89701e-05	50.63159	39.3889
1740	0.58201309409	79.75367	60.40933	122210600.0	74.60237	80.22709	1.89701e-05	50.63159	39.3889
1780	0.58201309409	79.75367	60.40933	122210600.0	74.60237	80.22709	1.89701e-05	50.63159	39.3889
1820	0.58201309409	79.75367	60.40933	122210600.0	74.60237	80.22709	1.89701e-05	50.63159	39.3889
1860	0.58201309409	79.75367	60.40933	122210600.0	74.60237	80.22709	1.89701e-05	50.63159	39.3889
1900	0.58201309409	79.75367	60.40933	122210600.0	74.60237	80.22709	1.89701e-05	50.63159	39.3889
1940	0.58201309409	79.75367	60.40933	122210600.0	74.60237	80.22709	1.89701e-05	50.63159	39.3889
1980	0.58201309409	79.75367	60.40933	122210600.0	74.60237	80.22709	1.89701e-05	50.63159	39.3889
2020	0.58201309409	79.75367	60.40933	122210600.0	74.60237	80.22709	1.89701e-05	50.63159	39.3889
2060	0.58201309409	79.75367	60.40933	122210600.0	74.60237	80.22709	1.89701e-05	50.63159	39.3889
2100	0.58201309409	79.75367	60.40933	122210600.0	74.60237	80.22709	1.89701e-05	50.63159	39.3889
2140	0.58201309409	79.75367	60.40933	122210600.0	74.60237	80.22709	1.89701e-05	50.63159	39.3889
2180	0.58201309409	79.75367	60.40933	122210600.0	74.60237	80.22709	1.89701e-05	50.63159	39.3889
2220	0.58201309409	79.75367	60.40933	122210600.0	74.60237	80.22709	1.89701e-05	50.63159	39.3889
2260	0.58201309409	79.75367	60.40933	122210600.0	74.60237	80.22709	1.89701e-05	50.63159	39.3889
2300	0.58201309409	79.75367	60.40933	122210600.0	74.60237	80.22709	1.89701e-05	50.63159	39.3889
2340	0.58201309409	79.75367	60.40933	122210600.0	74.60237	80.22709	1.89701e-05	50.63159	39.3889
2380	0.58201309409	79.75367	60.40933	122210600.0	74.60237	80.22709	1.89701e-05	50.63159	39.3889
2420	0.58201309409	79.75367	60.40933	122210600.0	74.60237	80.22709	1.89701e-05	50.63159	39.3889
2460	0.58201309409	79.75367	60.40933	122210600.0	74.60237	80.22709	1.89701e-05	50.63159	39.3889
2500	0.58201309409	79.75367	60.40933	122210600.0	74.60237	80.22709	1.89701e-05	50.63159	39.3889
2540	0.58201309409	79.75367	60.40933	122210600.0	74.60237	80.22709	1.89701e-05	50.63159	39.3889
2580	0.58201309409	79.75367	60.40933	122210600.0	74.60237	80.22709	1.89701e-05	50.63159	39.3889
2620	0.58201309409	79.75367	60.40933	122210600.0	74.60237	80.22709	1.89701e-05	50.63159	39.3889
2660	0.58201309409	79.75367	60.40933	122210600.0	74.60237	80.22709	1.89701e-05	50.63159	39.3889
2700	0.58201309409	79.75367	60.40933	122210600.0	74.60237	80.22709	1.89701e-05	50.63159	39.3889
2740	0.58201309409	79.75367	60.40933	122210600.0	74.60237	80.22709	1.89701e-05	50.63159	39.3889
2780	0.58201309409	79.75367	60.40933	122210600.0	74.60237	80.22709	1.89701e-05	50.63159	39.3889
2820	0.58201309409	79.75367	60.40933	122210600.0	74.60237	80.22709	1.89701e-05	50.63159	39.3889
2860	0.58201309409	79.75367	60.40933	122210600.0	74.60237	80.22709	1.89701e-05	50.63159	39.3889
2900	0.58201309409	79.75367	60.40933	122210600.0	74.60237	80.22709	1.89701e-05	50.63159	39.3889
2940	0.58201309409	79.75367	60.40933	122210600.0	74.60237	80.22709	1.89701e-05	50.63159	39.3889
2980	0.58201309409	79.75367	60.40933	122210600.0	74.60237	80.22709	1.89701e-05	50.63159	39.3889
3020	0.58201309409	79.75367	60.40933	122210600.0	74.60237	80.22709	1.89701e-05	50.63159	39.3889
3060	0.58201309409	79.75367	60.40933	122210600.0	74.60237	80.22709	1.89701e-05	50.63159	39.3889
3100	0.58201309409	79.75367	60.40933	122210600.0	74.60237	80.22709	1.89701e-05	50.63159	39.3889
3140	0.58201309409	79.75367	60.40933	122210600.0	74.60237	80.22709	1.89701e-05	50.63159	39.3889
3180	0.58201309409	79.75367	60.40933	122210600.0	74.60237	80.22709	1.89701e-05	50.63159	39.3889
3220	0.58201309409	79.75367	60.40933	122210600.0	74.60237	80.22709	1.89701e-05	50.63159	39.3889
3260	0.58201309409	79.75367	60.40933	122210600.0	74.60237	80.22709	1.89701e-05	50.63159	39.3889
3300	0.58201309409	79.75367	60.40933	122210600.0	74.60237	80.22709	1.89701e-05	50.63159	39.3889
3340	0.58201309409	79.75367	60.40933	122210600.0	74.60237	80.22709	1.89701e-05	50.63159	39.3889
3380	0.58201309409	79.75367	60.40933	122210600.0	74.60237	80.22709	1.89701e-05	50.63159	39.3889
3420	0.58201309409	79.75367	60.40933	122210600.0	74.60237	80.22709	1.89701e-05	50.63159	39.3889
3460	0.58201309409	79.75367	60.40933	122210600.0	74.60237	80.22709	1.89701e-05	50.63159	39.3889
3500	0.58201309409	79.75367	60.40933	122210600.0	74.60237	80.22709	1.89701e-05	50.63159	39.3889
3540	0.58201309409	79.75367	60.40933	122210600.0	74.60237	80.22709	1.89701e-05	50.63159	39.3889
3580	0.58201309409	79.75367	60.40933	122210600.0	74.60237	80.22709	1.89701e-05	50.63159	39.3889
3620	0.58201309409	79.75367	60.40933	122210600.0	74.60237	80.22709	1.89701e-05	50.63159	39.3889
3660	0.58201309409	79.75367	60.40933	122210600.0	74.60237	80.22709	1.89701e-05	50.63159	39.3889
3700	0.58201309409	79.75367	60.40933	122210600.0	74.60237	80.22709	1.89701e-05	50.63159	39.3889
3740	0.58201309409	79.75367	60.40933	122210600.0	74.60237	80.22709	1.89701e-05	50.63159	39.3889
3780	0.58201309409	79.75367	60.40933	122210600.0	74.60237	80.22709	1.89701e-05	50.63159	39.3889
3820	0.58201309409	79.75367	60.40933	122210600.0	74.60237	80.22709	1.89701e-05	50.63159	39.3889
3860	0.58201309409	79.75367	60.40933	122210600.0	74.60237	80.22709	1.89701e-05	50.63159	39.3889
3900	0.58201309409	79.75367	60.40933	122210600.0	74.60237	80.22709	1.89701e-05	50.63159	39.3889
3940	0.58201309409	79.75367	60.40933	122210600.0	74.60237	80.22709	1.89701e-05	50.63159	39.3889
3980	0.58201309409	79.75367	60.40933	122210600.0	74.60237	80.22709	1.89701e-05	50.63159	39.3889
4020	0.58201309409	79.75367	60.40933	122210600.0	74.60237	80.22709	1.89701e-05	50.63159	39.3889
4060	0.58201309409	79.75367	60.40933	122210600.0	74.60237	80.22709	1.89701e-05	50.63159	39.3889
4100	0.58201309409	79.75367	60.40933	122210600.0	74.60237	80.22709	1.89701e-05	50.63159	39.3889
4140	0.58201309409	79.75367	60.40933	122210600.0	74.60237	80.22709	1.89701e-05	50.63159	39.3889
4180	0.58201309409	79.75367	60.40933	122210600.0	74.60237	80.22709	1.89701e-05	50.63159	39.3889
4220	0.58201309409	79.75367	60.40933	122210600.0	74.60237	80.22709	1.89701e-05	50.63159	39.3889
4260	0.58201309409	79.75367	60.40933	122210600.0	74.60237	80.22709	1.89701e-05	50.63159	39.3889
4300	0.58201309409	79.75367	60.40933	122210600.0	74.60237	80.22709	1.89701e-05	50.63159	39.3889
4340	0.58201309409	79.75367	60.40933	122210600.0	74.60237	80.22709	1.89701e-05	50.63159	39.3889
4380	0.58201309409	79.75367	60.40933	122210600.0	74.60237	80.22709	1.89701e-05	50.63159	39.3889
4420	0.58201309409	79.75367	60.40933	122210600.0	74.60237	80.22709	1.89701e-05	50.63159	39.3889
4460	0.58201309409	79.75367	60.40933	122210600.0	74.60237	80.22709	1.89701e-05	50.63159	39.3889
4500	0.58201309409	79.75367	60.40933	122210600.0	74.60237	80.22709	1.89701e-05	50.63159	39.3889
4540	0.58201309409	79.75367	60.40933	122210600.0	74.60237	80.22709	1.89701e-05	50.63159	39.3889
4580	0.58201309409	79.75367	60.40933	122210600.0	74.60237	80.22709	1.89701e-05	50.63159	39.3889
4620	0.58201309409	79.75367	60.40933	122210600.0	74.60237	80.22709	1.89701e-05	50.63159	39.3889
4660	0.58201309409	79.75367	60.40933	122210600.0	74.60237	80.22709	1.89701e-05	50.63159	39.3889
4700	0.58201309409	79.75367	60.40933	122210600.0	74.60237	80.22709	1.89701e-05	50.63159	39.3889
4740	0.58201309409	79.75367	60.40933	122210600.0	74.60237	80.22709	1.89701e-05	50.63159	39.3889
4780	0.58201309409	79.75367	60.40933	122210600.0	74.60237	80.22709	1.89701e-05	50.63159	39.3889
4820	0.58201309409	79.75367	60.40933	122210600.0	74.60237	80.22709	1.89701e-05	50.63159	39.3889
4860	0.58201309409	79.75367	60.40933	122210600.0	74.60237	80.22709	1.89701e-05	50.63159	39.3889
4900	0.58201309409	79.75367	60.40933	122210600.0	74.60237	80.22709	1.89701e-05	50.63159	39.3889
4940	0.58201309409	79.75367	60.40933	122210600.0	74.60237	80.22709	1.89701e-05	50.63159	39.3889
4980	0.58201309409	79.75367	60.40933	122210600.0	74.60237	80.22709	1.89701e-05	50.63159	39.3889
5020	0.58201309409	79.75367	60.40933	122210600.0	74.60237	80.22709	1.89701e-05	50.63159	39.3889
