60	12.36031384	77.96064	54.45624	137280400.0	87.41417	53.68375	1.749235e-05	77.66993	37.22155
100	11.8824809206	77.55968	55.8299	134701600.0	82.27385	53.9328	1.749147e-05	69.13808	38.72125
140	11.7251689001	77.63111	55.34879	136483900.0	82.49614	54.49209	1.753477e-05	69.16773	38.48587
180	11.6961919011	77.63111	55.56823	136829300.0	82.49614	54.49209	1.790374e-05	69.20305	38.48022
220	10.7114600252	78.02135	47.922	152298900.0	85.162	65.73429	1.874028e-05	71.00183	34.50726
260	10.5787328803	77.89452	48.26142	151257800.0	82.91121	65.6217	1.873988e-05	69.96912	34.59535
300	10.4175208018	77.89452	48.70317	152703100.0	82.91121	65.6217	1.94864e-05	70.13193	34.5778
340	10.1197517126	76.33252	48.15067	166645400.0	81.49086	66.93438	1.953999e-05	70.81654	35.24176
380	9.70512553284	76.17203	49.92563	173676900.0	79.09477	65.26627	1.951121e-05	72.28387	35.81425
420	8.3154751777	75.8017	53.96888	232200200.0	76.15679	65.18809	2.180882e-05	74.61492	47.16547
460	6.81985657836	75.22209	68.45887	192108800.0	76.57962	68.0562	2.157737e-05	49.07517	37.13464
500	6.10116077458	74.95671	68.59105	179110600.0	74.86073	68.40995	1.991363e-05	48.58756	37.22504
540	5.49556583002	74.92163	67.03495	177226400.0	74.71266	70.4788	1.993828e-05	48.2141	36.91401
580	5.18142618268	74.39561	66.96282	176445600.0	74.70888	71.74115	1.984211e-05	47.97472	36.92822
620	5.17632419055	74.39561	67.03513	174675200.0	74.70888	71.74115	1.955055e-05	47.92582	36.93925
660	5.15877438557	74.17728	66.25653	171168500.0	73.54128	72.08986	1.888565e-05	47.65114	36.94374
700	5.15877438557	74.17728	66.25653	171168500.0	73.54128	72.08986	1.888565e-05	47.65114	36.94374
740	5.12091921091	74.17449	66.1514	169787100.0	73.52439	72.25061	1.865338e-05	47.60648	36.92596
780	5.11412060042	74.20579	66.29733	168900400.0	73.67976	72.20387	1.849341e-05	47.62162	36.93512
820	4.91562074396	74.23618	66.97737	173331600.0	73.85673	72.13319	1.862819e-05	47.78551	37.39612
860	4.91562074396	74.23618	66.97737	173331600.0	73.85673	72.13319	1.862819e-05	47.78551	37.39612
900	4.35734803005	74.21011	63.97043	167377300.0	73.66041	75.48467	1.865719e-05	47.28262	36.78838
940	4.35734803005	74.21011	63.97043	167377300.0	73.66041	75.48467	1.865719e-05	47.28262	36.78838
980	4.06364588782	74.21011	66.2567	148122800.0	73.66041	75.48467	1.865719e-05	46.39271	37.32629
1020	4.06364588782	74.21011	66.2567	148122800.0	73.66041	75.48467	1.865719e-05	46.39271	37.32629
1060	4.02304963335	74.43414	65.42574	142499700.0	74.84374	75.01784	1.865743e-05	46.57541	37.40008
1100	1.2244103149	78.91175	60.6793	178608100.0	75.48412	79.39014	1.969768e-05	47.28382	38.76311
1140	1.22284003787	78.91175	60.70795	178443100.0	75.48412	79.39014	1.96659e-05	47.27845	38.7651
1180	1.19652869242	78.91175	59.31905	192944400.0	75.48412	79.39014	1.96659e-05	47.69736	38.88761
1220	1.18743186603	78.91175	59.36036	192800100.0	75.48412	79.39014	1.963915e-05	47.69062	38.88919
1260	0.683555169126	78.91175	67.14937	168641100.0	75.48412	79.39014	1.963915e-05	46.38638	39.54281
1300	0.683555169126	78.91175	67.14937	168641100.0	75.48412	79.39014	1.963915e-05	46.38638	39.54281
1340	0.64480424096	78.89031	67.0059	168551400.0	75.17924	79.77462	1.963912e-05	46.34836	39.53996
1380	0.64480424096	78.89031	67.0059	168551400.0	75.17924	79.77462	1.963912e-05	46.34836	39.53996
1420	0.500431072087	78.89031	67.1158	141796800.0	75.17924	79.77462	1.963912e-05	45.66872	40.33196
1460	0.500431072087	78.89031	67.1158	141796800.0	75.17924	79.77462	1.963912e-05	45.66872	40.33196
1500	0.500431072087	78.89031	67.1158	141796800.0	75.17924	79.77462	1.963912e-05	45.66872	40.33196
1540	0.500431072087	78.89031	67.1158	141796800.0	75.17924	79.77462	1.963912e-05	45.66872	40.33196
1580	0.500431072087	78.89031	67.1158	141796800.0	75.17924	79.77462	1.963912e-05	45.66872	40.33196
1620	0.500431072087	78.89031	67.1158	141796800.0	75.17924	79.77462	1.963912e-05	45.66872	40.33196
1660	0.500431072087	78.89031	67.1158	141796800.0	75.17924	79.77462	1.963912e-05	45.66872	40.33196
1700	0.500431072087	78.89031	67.1158	141796800.0	75.17924	79.77462	1.963912e-05	45.66872	40.33196
1740	0.500431072087	78.89031	67.1158	141796800.0	75.17924	79.77462	1.963912e-05	45.66872	40.33196
1780	0.500431072087	78.89031	67.1158	141796800.0	75.17924	79.77462	1.963912e-05	45.66872	40.33196
1820	0.500431072087	78.89031	67.1158	141796800.0	75.17924	79.77462	1.963912e-05	45.66872	40.33196
1860	0.500431072087	78.89031	67.1158	141796800.0	75.17924	79.77462	1.963912e-05	45.66872	40.33196
1900	0.500431072087	78.89031	67.1158	141796800.0	75.17924	79.77462	1.963912e-05	45.66872	40.33196
1940	0.500431072087	78.89031	67.1158	141796800.0	75.17924	79.77462	1.963912e-05	45.66872	40.33196
1980	0.500431072087	78.89031	67.1158	141796800.0	75.17924	79.77462	1.963912e-05	45.66872	40.33196
2020	0.500431072087	78.89031	67.1158	141796800.0	75.17924	79.77462	1.963912e-05	45.66872	40.33196
2060	0.500431072087	78.89031	67.1158	141796800.0	75.17924	79.77462	1.963912e-05	45.66872	40.33196
2100	0.500431072087	78.89031	67.1158	141796800.0	75.17924	79.77462	1.963912e-05	45.66872	40.33196
2140	0.500431072087	78.89031	67.1158	141796800.0	75.17924	79.77462	1.963912e-05	45.66872	40.33196
2180	0.500431072087	78.89031	67.1158	141796800.0	75.17924	79.77462	1.963912e-05	45.66872	40.33196
2220	0.500431072087	78.89031	67.1158	141796800.0	75.17924	79.77462	1.963912e-05	45.66872	40.33196
2260	0.500431072087	78.89031	67.1158	141796800.0	75.17924	79.77462	1.963912e-05	45.66872	40.33196
2300	0.500431072087	78.89031	67.1158	141796800.0	75.17924	79.77462	1.963912e-05	45.66872	40.33196
2340	0.500431072087	78.89031	67.1158	141796800.0	75.17924	79.77462	1.963912e-05	45.66872	40.33196
2380	0.500431072087	78.89031	67.1158	141796800.0	75.17924	79.77462	1.963912e-05	45.66872	40.33196
2420	0.500431072087	78.89031	67.1158	141796800.0	75.17924	79.77462	1.963912e-05	45.66872	40.33196
2460	0.500431072087	78.89031	67.1158	141796800.0	75.17924	79.77462	1.963912e-05	45.66872	40.33196
2500	0.500431072087	78.89031	67.1158	141796800.0	75.17924	79.77462	1.963912e-05	45.66872	40.33196
2540	0.500431072087	78.89031	67.1158	141796800.0	75.17924	79.77462	1.963912e-05	45.66872	40.33196
2580	0.500431072087	78.89031	67.1158	141796800.0	75.17924	79.77462	1.963912e-05	45.66872	40.33196
2620	0.500431072087	78.89031	67.1158	141796800.0	75.17924	79.77462	1.963912e-05	45.66872	40.33196
2660	0.500431072087	78.89031	67.1158	141796800.0	75.17924	79.77462	1.963912e-05	45.66872	40.33196
2700	0.500431072087	78.89031	67.1158	141796800.0	75.17924	79.77462	1.963912e-05	45.66872	40.33196
2740	0.500431072087	78.89031	67.1158	141796800.0	75.17924	79.77462	1.963912e-05	45.66872	40.33196
2780	0.500431072087	78.89031	67.1158	141796800.0	75.17924	79.77462	1.963912e-05	45.66872	40.33196
2820	0.500431072087	78.89031	67.1158	141796800.0	75.17924	79.77462	1.963912e-05	45.66872	40.33196
2860	0.500431072087	78.89031	67.1158	141796800.0	75.17924	79.77462	1.963912e-05	45.66872	40.33196
2900	0.500431072087	78.89031	67.1158	141796800.0	75.17924	79.77462	1.963912e-05	45.66872	40.33196
2940	0.500431072087	78.89031	67.1158	141796800.0	75.17924	79.77462	1.963912e-05	45.66872	40.33196
2980	0.500431072087	78.89031	67.1158	141796800.0	75.17924	79.77462	1.963912e-05	45.66872	40.33196
3020	0.500431072087	78.89031	67.1158	141796800.0	75.17924	79.77462	1.963912e-05	45.66872	40.33196
3060	0.500431072087	78.89031	67.1158	141796800.0	75.17924	79.77462	1.963912e-05	45.66872	40.33196
3100	0.500431072087	78.89031	67.1158	141796800.0	75.17924	79.77462	1.963912e-05	45.66872	40.33196
3140	0.500431072087	78.89031	67.1158	141796800.0	75.17924	79.77462	1.963912e-05	45.66872	40.33196
3180	0.500431072087	78.89031	67.1158	141796800.0	75.17924	79.77462	1.963912e-05	45.66872	40.33196
3220	0.500431072087	78.89031	67.1158	141796800.0	75.17924	79.77462	1.963912e-05	45.66872	40.33196
3260	0.500431072087	78.89031	67.1158	141796800.0	75.17924	79.77462	1.963912e-05	45.66872	40.33196
3300	0.500431072087	78.89031	67.1158	141796800.0	75.17924	79.77462	1.963912e-05	45.66872	40.33196
3340	0.500431072087	78.89031	67.1158	141796800.0	75.17924	79.77462	1.963912e-05	45.66872	40.33196
3380	0.500431072087	78.89031	67.1158	141796800.0	75.17924	79.77462	1.963912e-05	45.66872	40.33196
3420	0.500431072087	78.89031	67.1158	141796800.0	75.17924	79.77462	1.963912e-05	45.66872	40.33196
3460	0.500431072087	78.89031	67.1158	141796800.0	75.17924	79.77462	1.963912e-05	45.66872	40.33196
3500	0.500431072087	78.89031	67.1158	141796800.0	75.17924	79.77462	1.963912e-05	45.66872	40.33196
3540	0.500431072087	78.89031	67.1158	141796800.0	75.17924	79.77462	1.963912e-05	45.66872	40.33196
3580	0.500431072087	78.89031	67.1158	141796800.0	75.17924	79.77462	1.963912e-05	45.66872	40.33196
3620	0.315766910702	80.61404	78.02365	114471800.0	76.4997	79.47319	1.96698e-05	42.63557	39.75866
3660	0.184174799995	80.25231	79.76791	115799200.0	75.28498	80.63194	1.966963e-05	42.55655	39.79163
3700	0.184174799995	80.25231	79.76791	115799200.0	75.28498	80.63194	1.966963e-05	42.55655	39.79163
3740	0.181894380625	80.25231	79.71537	115712800.0	75.28498	80.63194	1.959962e-05	42.55983	39.79421
3780	0.181894380625	80.25231	79.71537	115712800.0	75.28498	80.63194	1.959962e-05	42.55983	39.79421
3820	0.181894380625	80.25231	79.71537	115712800.0	75.28498	80.63194	1.959962e-05	42.55983	39.79421
3860	0.181850186452	80.25231	79.69526	115680300.0	75.28498	80.63194	1.957285e-05	42.56108	39.79426
3900	0.181850186452	80.25231	79.69526	115680300.0	75.28498	80.63194	1.957285e-05	42.56108	39.79426
3940	0.179826093291	80.24929	79.58164	115845400.0	75.26752	80.88162	1.957441e-05	42.56764	39.79655
3980	0.179826093291	80.24929	79.58164	115845400.0	75.26752	80.88162	1.957441e-05	42.56764	39.79655
4020	0.179826093291	80.24929	79.58164	115845400.0	75.26752	80.88162	1.957441e-05	42.56764	39.79655
4060	0.179826093291	80.24929	79.58164	115845400.0	75.26752	80.88162	1.957441e-05	42.56764	39.79655
4100	0.179826093291	80.24929	79.58164	115845400.0	75.26752	80.88162	1.957441e-05	42.56764	39.79655
4140	0.179826093291	80.24929	79.58164	115845400.0	75.26752	80.88162	1.957441e-05	42.56764	39.79655
4180	0.179826093291	80.24929	79.58164	115845400.0	75.26752	80.88162	1.957441e-05	42.56764	39.79655
4220	0.179826093291	80.24929	79.58164	115845400.0	75.26752	80.88162	1.957441e-05	42.56764	39.79655
4260	0.179826093291	80.24929	79.58164	115845400.0	75.26752	80.88162	1.957441e-05	42.56764	39.79655
4300	0.179826093291	80.24929	79.58164	115845400.0	75.26752	80.88162	1.957441e-05	42.56764	39.79655
4340	0.0583893424565	80.24929	73.90604	112226500.0	75.26752	80.88162	1.957441e-05	42.8661	39.93394
4380	0.0548891638896	80.29767	74.41671	112105500.0	75.68219	80.2375	1.957447e-05	42.93967	39.9379
4420	0.0548891638896	80.29767	74.41671	112105500.0	75.68219	80.2375	1.957447e-05	42.93967	39.9379
4460	0.0548891638896	80.29767	74.41671	112105500.0	75.68219	80.2375	1.957447e-05	42.93967	39.9379
4500	0.0548891638896	80.29767	74.41671	112105500.0	75.68219	80.2375	1.957447e-05	42.93967	39.9379
4540	0.0548891638896	80.29767	74.41671	112105500.0	75.68219	80.2375	1.957447e-05	42.93967	39.9379
4580	0.00497403413991	80.37009	74.65134	112196600.0	75.9301	79.99372	1.979022e-05	42.93536	39.99533
4620	0.0	80.3023	72.55254	113174900.0	75.55072	84.70386	1.981546e-05	42.69896	40.05121
