60	9.8338873628	62.31407	62.04781	123561700.0	74.31032	66.51675	1.411844e-05	42.19812	46.00198
100	9.59097630138	62.20307	67.67787	114903000.0	73.49052	67.6854	1.411678e-05	41.87068	44.71953
140	9.57901971679	61.92913	61.02388	106932300.0	72.65451	68.29601	1.411661e-05	41.52742	45.82753
180	9.57901971679	61.92913	61.02388	106932300.0	72.65451	68.29601	1.411661e-05	41.52742	45.82753
220	9.50082142409	61.9719	59.35062	107991900.0	72.74264	68.57196	1.413764e-05	41.7672	46.05402
260	9.50082142409	61.9719	59.35062	107991900.0	72.74264	68.57196	1.413764e-05	41.7672	46.05402
300	8.85184805983	62.64779	65.01705	99452430.0	72.72715	70.30418	1.410473e-05	39.98342	44.36558
340	8.3778095452	63.02774	59.67749	97749870.0	73.0519	72.02754	1.421516e-05	40.70383	43.88263
380	8.3778095452	63.02774	59.67749	97749870.0	73.0519	72.02754	1.421516e-05	40.70383	43.88263
420	8.3778095452	63.02774	59.67749	97749870.0	73.0519	72.02754	1.421516e-05	40.70383	43.88263
460	8.3778095452	63.02774	59.67749	97749870.0	73.0519	72.02754	1.421516e-05	40.70383	43.88263
500	8.3778095452	63.02774	59.67749	97749870.0	73.0519	72.02754	1.421516e-05	40.70383	43.88263
540	8.3778095452	63.02774	59.67749	97749870.0	73.0519	72.02754	1.421516e-05	40.70383	43.88263
580	8.3778095452	63.02774	59.67749	97749870.0	73.0519	72.02754	1.421516e-05	40.70383	43.88263
620	8.3778095452	63.02774	59.67749	97749870.0	73.0519	72.02754	1.421516e-05	40.70383	43.88263
660	8.3778095452	63.02774	59.67749	97749870.0	73.0519	72.02754	1.421516e-05	40.70383	43.88263
700	8.3778095452	63.02774	59.67749	97749870.0	73.0519	72.02754	1.421516e-05	40.70383	43.88263
740	8.3778095452	63.02774	59.67749	97749870.0	73.0519	72.02754	1.421516e-05	40.70383	43.88263
780	8.3778095452	63.02774	59.67749	97749870.0	73.0519	72.02754	1.421516e-05	40.70383	43.88263
820	7.69284643278	79.29835	63.42967	188604600.0	74.11978	75.64796	2.311263e-05	58.4206	34.35041
860	7.69284643278	79.29835	63.42967	188604600.0	74.11978	75.64796	2.311263e-05	58.4206	34.35041
900	6.437282595	77.21746	67.75826	204643600.0	77.8367	71.40961	2.268912e-05	42.16805	38.06826
940	6.34517181368	79.7134	57.88367	125999600.0	74.4779	69.29565	1.902567e-05	51.36277	35.43931
980	4.84034257412	79.64695	57.32378	151960900.0	74.25025	73.51455	2.036504e-05	54.37458	36.05456
1020	4.84034257412	79.64695	57.32378	151960900.0	74.25025	73.51455	2.036504e-05	54.37458	36.05456
1060	4.84034257412	79.64695	57.32378	151960900.0	74.25025	73.51455	2.036504e-05	54.37458	36.05456
1100	4.83054639814	79.64695	57.31822	151266300.0	74.25025	73.51455	2.034709e-05	54.34729	36.06514
1140	4.83054639814	79.64695	57.31822	151266300.0	74.25025	73.51455	2.034709e-05	54.34729	36.06514
1180	4.80864794237	79.64695	57.26173	149072900.0	74.25025	73.51455	2.028903e-05	54.2613	36.09813
1220	4.80864794237	79.64695	57.26173	149072900.0	74.25025	73.51455	2.028903e-05	54.2613	36.09813
1260	4.80864794237	79.64695	57.26173	149072900.0	74.25025	73.51455	2.028903e-05	54.2613	36.09813
1300	4.60104838739	76.59381	71.67815	179887100.0	75.98972	74.00154	1.975936e-05	39.47465	36.13668
1340	4.58777431847	76.59381	72.54326	177131300.0	75.98972	74.00154	1.978195e-05	39.46702	36.15799
1380	4.18856850435	76.59381	74.8556	113127900.0	75.98972	74.00154	1.978195e-05	39.5012	36.78881
1420	4.18856850435	76.59381	74.8556	113127900.0	75.98972	74.00154	1.978195e-05	39.5012	36.78881
1460	4.01556299299	76.59381	64.3134	109773700.0	75.98972	74.00154	1.953654e-05	39.9448	37.04353
1500	3.96588792312	76.59381	61.52728	110209900.0	75.98972	74.00154	1.970076e-05	40.04706	37.13011
1540	3.96588792312	76.59381	61.52728	110209900.0	75.98972	74.00154	1.970076e-05	40.04706	37.13011
1580	3.2807505416	82.69938	60.54821	115556500.0	73.78344	73.11006	2.060997e-05	44.64496	41.23354
1620	2.31151776673	82.6694	59.35216	114620400.0	73.57718	75.7963	2.064402e-05	44.43723	41.04307
1660	2.31151776673	82.6694	59.35216	114620400.0	73.57718	75.7963	2.064402e-05	44.43723	41.04307
1700	1.38206291647	80.86828	59.15547	114127200.0	73.55043	79.41474	2.060096e-05	44.18726	40.91963
1740	1.31409294612	80.99233	60.78118	117241900.0	74.27571	78.43072	2.060114e-05	44.52239	41.12232
1780	1.31409294612	80.99233	60.78118	117241900.0	74.27571	78.43072	2.060114e-05	44.52239	41.12232
1820	1.31409294612	80.99233	60.78118	117241900.0	74.27571	78.43072	2.060114e-05	44.52239	41.12232
1860	1.30893765135	80.99233	61.11871	117356200.0	74.27571	78.43072	2.059753e-05	44.51208	41.09439
1900	1.0497708537	80.96365	59.93996	116136700.0	74.09634	80.69281	2.054238e-05	44.37377	40.96245
1940	1.0497708537	80.96365	59.93996	116136700.0	74.09634	80.69281	2.054238e-05	44.37377	40.96245
1980	0.994115820522	80.96365	62.20303	117124000.0	74.09634	80.69281	2.050811e-05	44.36613	40.72524
2020	0.92468267715	80.96623	66.85865	121913400.0	74.11252	80.48818	2.046648e-05	44.44025	40.16431
2060	0.92468267715	80.96623	66.85865	121913400.0	74.11252	80.48818	2.046648e-05	44.44025	40.16431
2100	0.92468267715	80.96623	66.85865	121913400.0	74.11252	80.48818	2.046648e-05	44.44025	40.16431
2140	0.92468267715	80.96623	66.85865	121913400.0	74.11252	80.48818	2.046648e-05	44.44025	40.16431
2180	0.92468267715	80.96623	66.85865	121913400.0	74.11252	80.48818	2.046648e-05	44.44025	40.16431
2220	0.744998428679	80.96623	64.9153	119157600.0	74.11252	80.48818	2.034871e-05	44.46435	40.35034
2260	0.710635915033	80.96623	64.52614	118733000.0	74.11252	80.48818	2.032495e-05	44.46025	40.38996
2300	0.710635915033	80.96623	64.52614	118733000.0	74.11252	80.48818	2.032495e-05	44.46025	40.38996
2340	0.710635915033	80.96623	64.52614	118733000.0	74.11252	80.48818	2.032495e-05	44.46025	40.38996
2380	0.710635915033	80.96623	64.52614	118733000.0	74.11252	80.48818	2.032495e-05	44.46025	40.38996
2420	0.709245248486	81.10525	66.1141	121001700.0	75.10089	79.05976	2.032514e-05	44.7687	40.4822
2460	0.621714445103	81.06	65.62319	120419200.0	74.75447	79.53138	2.032508e-05	44.68951	40.45443
2500	0.621714445103	81.06	65.62319	120419200.0	74.75447	79.53138	2.032508e-05	44.68951	40.45443
2540	0.621714445103	81.06	65.62319	120419200.0	74.75447	79.53138	2.032508e-05	44.68951	40.45443
2580	0.621714445103	81.06	65.62319	120419200.0	74.75447	79.53138	2.032508e-05	44.68951	40.45443
2620	0.369849952684	81.06	63.03983	118226100.0	74.75447	79.53138	2.01605e-05	44.69435	40.64329
2660	0.369849952684	81.06	63.03983	118226100.0	74.75447	79.53138	2.01605e-05	44.69435	40.64329
2700	0.369849952684	81.06	63.03983	118226100.0	74.75447	79.53138	2.01605e-05	44.69435	40.64329
2740	0.369849952684	81.06	63.03983	118226100.0	74.75447	79.53138	2.01605e-05	44.69435	40.64329
2780	0.369849952684	81.06	63.03983	118226100.0	74.75447	79.53138	2.01605e-05	44.69435	40.64329
2820	0.335732191025	81.05735	62.95475	118125100.0	74.73852	79.71646	2.016181e-05	44.68538	40.62978
2860	0.335732191025	81.05735	62.95475	118125100.0	74.73852	79.71646	2.016181e-05	44.68538	40.62978
2900	0.335732191025	81.05735	62.95475	118125100.0	74.73852	79.71646	2.016181e-05	44.68538	40.62978
2940	0.335732191025	81.05735	62.95475	118125100.0	74.73852	79.71646	2.016181e-05	44.68538	40.62978
2980	0.335732191025	81.05735	62.95475	118125100.0	74.73852	79.71646	2.016181e-05	44.68538	40.62978
3020	0.335732191025	81.05735	62.95475	118125100.0	74.73852	79.71646	2.016181e-05	44.68538	40.62978
3060	0.335732191025	81.05735	62.95475	118125100.0	74.73852	79.71646	2.016181e-05	44.68538	40.62978
3100	0.335732191025	81.05735	62.95475	118125100.0	74.73852	79.71646	2.016181e-05	44.68538	40.62978
3140	0.335732191025	81.05735	62.95475	118125100.0	74.73852	79.71646	2.016181e-05	44.68538	40.62978
3180	0.335732191025	81.05735	62.95475	118125100.0	74.73852	79.71646	2.016181e-05	44.68538	40.62978
3220	0.335732191025	81.05735	62.95475	118125100.0	74.73852	79.71646	2.016181e-05	44.68538	40.62978
3260	0.335732191025	81.05735	62.95475	118125100.0	74.73852	79.71646	2.016181e-05	44.68538	40.62978
3300	0.335732191025	81.05735	62.95475	118125100.0	74.73852	79.71646	2.016181e-05	44.68538	40.62978
3340	0.335732191025	81.05735	62.95475	118125100.0	74.73852	79.71646	2.016181e-05	44.68538	40.62978
3380	0.335732191025	81.05735	62.95475	118125100.0	74.73852	79.71646	2.016181e-05	44.68538	40.62978
3420	0.335732191025	81.05735	62.95475	118125100.0	74.73852	79.71646	2.016181e-05	44.68538	40.62978
3460	0.335732191025	81.05735	62.95475	118125100.0	74.73852	79.71646	2.016181e-05	44.68538	40.62978
3500	0.335732191025	81.05735	62.95475	118125100.0	74.73852	79.71646	2.016181e-05	44.68538	40.62978
3540	0.335732191025	81.05735	62.95475	118125100.0	74.73852	79.71646	2.016181e-05	44.68538	40.62978
3580	0.335732191025	81.05735	62.95475	118125100.0	74.73852	79.71646	2.016181e-05	44.68538	40.62978
3620	0.335732191025	81.05735	62.95475	118125100.0	74.73852	79.71646	2.016181e-05	44.68538	40.62978
3660	0.335732191025	81.05735	62.95475	118125100.0	74.73852	79.71646	2.016181e-05	44.68538	40.62978
3700	0.309182440074	81.19405	60.59428	116858900.0	75.16691	79.3004	1.978748e-05	44.70912	40.2499
3740	0.309182440074	81.19405	60.59428	116858900.0	75.16691	79.3004	1.978748e-05	44.70912	40.2499
3780	0.309182440074	81.19405	60.59428	116858900.0	75.16691	79.3004	1.978748e-05	44.70912	40.2499
3820	0.309182440074	81.19405	60.59428	116858900.0	75.16691	79.3004	1.978748e-05	44.70912	40.2499
3860	0.309182440074	81.19405	60.59428	116858900.0	75.16691	79.3004	1.978748e-05	44.70912	40.2499
3900	0.309182440074	81.19405	60.59428	116858900.0	75.16691	79.3004	1.978748e-05	44.70912	40.2499
3940	0.309182440074	81.19405	60.59428	116858900.0	75.16691	79.3004	1.978748e-05	44.70912	40.2499
3980	0.240379179024	80.97643	62.4129	117427100.0	74.49044	79.97953	1.978738e-05	44.7636	40.16688
4020	0.212352030958	80.98726	62.5334	117570500.0	74.56861	79.86165	1.978739e-05	44.78919	40.17378
4060	0.212352030958	80.98726	62.5334	117570500.0	74.56861	79.86165	1.978739e-05	44.78919	40.17378
4100	0.212352030958	80.98726	62.5334	117570500.0	74.56861	79.86165	1.978739e-05	44.78919	40.17378
4140	0.212352030958	80.98726	62.5334	117570500.0	74.56861	79.86165	1.978739e-05	44.78919	40.17378
4180	0.212352030958	80.98726	62.5334	117570500.0	74.56861	79.86165	1.978739e-05	44.78919	40.17378
4220	0.212352030958	80.98726	62.5334	117570500.0	74.56861	79.86165	1.978739e-05	44.78919	40.17378
4260	0.212352030958	80.98726	62.5334	117570500.0	74.56861	79.86165	1.978739e-05	44.78919	40.17378
4300	0.212352030958	80.98726	62.5334	117570500.0	74.56861	79.86165	1.978739e-05	44.78919	40.17378
4340	0.212352030958	80.98726	62.5334	117570500.0	74.56861	79.86165	1.978739e-05	44.78919	40.17378
4380	0.212352030958	80.98726	62.5334	117570500.0	74.56861	79.86165	1.978739e-05	44.78919	40.17378
4420	0.212352030958	80.98726	62.5334	117570500.0	74.56861	79.86165	1.978739e-05	44.78919	40.17378
4460	0.212352030958	80.98726	62.5334	117570500.0	74.56861	79.86165	1.978739e-05	44.78919	40.17378
4500	0.212352030958	80.98726	62.5334	117570500.0	74.56861	79.86165	1.978739e-05	44.78919	40.17378
4540	0.212352030958	80.98726	62.5334	117570500.0	74.56861	79.86165	1.978739e-05	44.78919	40.17378
4580	0.212352030958	80.98726	62.5334	117570500.0	74.56861	79.86165	1.978739e-05	44.78919	40.17378
4620	0.212352030958	80.98726	62.5334	117570500.0	74.56861	79.86165	1.978739e-05	44.78919	40.17378
4660	0.212352030958	80.98726	62.5334	117570500.0	74.56861	79.86165	1.978739e-05	44.78919	40.17378
4700	0.192299330155	81.06224	61.89524	117321900.0	74.80104	79.62014	1.978743e-05	44.76772	40.21344
4740	0.192299330155	81.06224	61.89524	117321900.0	74.80104	79.62014	1.978743e-05	44.76772	40.21344
4780	0.192299330155	81.06224	61.89524	117321900.0	74.80104	79.62014	1.978743e-05	44.76772	40.21344
4820	0.192299330155	81.06224	61.89524	117321900.0	74.80104	79.62014	1.978743e-05	44.76772	40.21344
4860	0.192299330155	81.06224	61.89524	117321900.0	74.80104	79.62014	1.978743e-05	44.76772	40.21344
4900	0.192299330155	81.06224	61.89524	117321900.0	74.80104	79.62014	1.978743e-05	44.76772	40.21344
4940	0.192299330155	81.06224	61.89524	117321900.0	74.80104	79.62014	1.978743e-05	44.76772	40.21344
4980	0.192299330155	81.06224	61.89524	117321900.0	74.80104	79.62014	1.978743e-05	44.76772	40.21344
5020	0.192299330155	81.06224	61.89524	117321900.0	74.80104	79.62014	1.978743e-05	44.76772	40.21344
