60	25.3896634508	44.99206	69.19976	98924350.0	45.59071	50.29974	1.979716e-05	38.76457	32.89449
100	11.1328625179	80.97058	45.03085	184949300.0	79.98281	73.06965	2.342397e-05	79.34565	39.6086
140	7.3008773924	75.50184	54.19147	116783100.0	70.02442	71.38173	2.073434e-05	45.21008	35.48263
180	6.82245127121	75.50184	56.8229	114611300.0	70.02442	71.38173	2.094184e-05	45.01465	35.43104
220	6.46181570031	75.50184	63.28277	109822600.0	70.02442	71.38173	2.053064e-05	44.55663	35.3469
260	5.80312562923	75.30042	70.33937	106219700.0	69.42901	71.71631	2.120279e-05	44.53591	37.58869
300	5.47280585595	75.80994	59.70551	116707600.0	70.96796	70.95242	2.104224e-05	45.31885	37.88427
340	5.47280585595	75.80994	59.70551	116707600.0	70.96796	70.95242	2.104224e-05	45.31885	37.88427
380	4.93230093425	75.09156	58.81994	123732700.0	70.35475	73.62083	2.111024e-05	45.86345	38.19573
420	4.66843156132	74.67532	61.87581	124071500.0	69.7823	74.727	2.090125e-05	46.09365	38.30748
460	4.56259862171	74.05476	60.2725	119047800.0	70.77715	75.89439	2.08881e-05	45.01939	37.68301
500	4.43410297749	73.79382	72.24881	113375200.0	70.41131	76.62504	2.019887e-05	44.66376	37.44223
540	4.43410297749	73.79382	72.24881	113375200.0	70.41131	76.62504	2.019887e-05	44.66376	37.44223
580	4.03366406165	79.92874	76.46962	154503700.0	69.96988	95.87541	2.015796e-05	44.70005	36.32195
620	3.64026974088	80.01561	74.34057	117767300.0	70.24444	93.41188	2.024204e-05	44.69435	36.79144
660	3.64026974088	80.01561	74.34057	117767300.0	70.24444	93.41188	2.024204e-05	44.69435	36.79144
700	3.64026974088	80.01561	74.34057	117767300.0	70.24444	93.41188	2.024204e-05	44.69435	36.79144
740	3.64026974088	80.01561	74.34057	117767300.0	70.24444	93.41188	2.024204e-05	44.69435	36.79144
780	3.64026974088	80.01561	74.34057	117767300.0	70.24444	93.41188	2.024204e-05	44.69435	36.79144
820	3.38210035435	80.07916	68.90996	113678600.0	70.45461	91.87427	2.018017e-05	44.64087	37.0615
860	3.27225861868	81.62007	71.22815	113396000.0	70.51172	79.44623	2.00666e-05	45.37572	37.19262
900	3.02283620671	81.67014	61.9319	114703900.0	70.68601	79.13491	1.989684e-05	45.15788	37.50695
940	3.02283620671	81.67014	61.9319	114703900.0	70.68601	79.13491	1.989684e-05	45.15788	37.50695
980	2.79064415717	81.35851	64.24516	114093100.0	69.82036	80.67685	2.043676e-05	45.33418	38.74543
1020	2.43827838535	81.66648	60.52134	116865400.0	70.67464	79.15231	2.043692e-05	45.16289	38.84025
1060	2.43827838535	81.66648	60.52134	116865400.0	70.67464	79.15231	2.043692e-05	45.16289	38.84025
1100	2.43827838535	81.66648	60.52134	116865400.0	70.67464	79.15231	2.043692e-05	45.16289	38.84025
1140	2.43827838535	81.66648	60.52134	116865400.0	70.67464	79.15231	2.043692e-05	45.16289	38.84025
1180	2.43827838535	81.66648	60.52134	116865400.0	70.67464	79.15231	2.043692e-05	45.16289	38.84025
1220	2.38644371409	81.7083	60.94218	116967500.0	70.82551	78.88802	2.043696e-05	45.23511	38.87748
1260	2.38644371409	81.7083	60.94218	116967500.0	70.82551	78.88802	2.043696e-05	45.23511	38.87748
1300	2.35708112965	81.40333	60.31823	117338200.0	70.82564	80.79114	2.046835e-05	45.22065	38.86972
1340	2.35708112965	81.40333	60.31823	117338200.0	70.82564	80.79114	2.046835e-05	45.22065	38.86972
1380	2.34276523332	81.46692	59.26857	117766500.0	71.05665	80.79281	2.026109e-05	45.24314	38.5537
1420	2.14742843493	82.10777	62.51592	107727400.0	73.94747	77.37304	2.049227e-05	41.61596	38.29912
1460	1.95449449861	82.07824	61.70536	107319500.0	73.79715	77.59284	2.018481e-05	41.58173	38.29915
1500	1.91329199118	82.07824	61.20293	107309300.0	73.79715	77.59284	1.983555e-05	41.59631	38.31907
1540	1.91329199118	82.07824	61.20293	107309300.0	73.79715	77.59284	1.983555e-05	41.59631	38.31907
1580	1.89562582057	82.04217	60.75677	106749900.0	73.62021	77.85995	1.983551e-05	41.53481	38.29323
1620	1.89562582057	82.04217	60.75677	106749900.0	73.62021	77.85995	1.983551e-05	41.53481	38.29323
1660	1.89562582057	82.04217	60.75677	106749900.0	73.62021	77.85995	1.983551e-05	41.53481	38.29323
1700	1.89562582057	82.04217	60.75677	106749900.0	73.62021	77.85995	1.983551e-05	41.53481	38.29323
1740	1.89230738197	82.04217	60.63977	106748100.0	73.62021	77.85995	1.975211e-05	41.53837	38.29795
1780	1.88848506646	82.00939	60.22071	106168500.0	73.46499	78.10201	1.975206e-05	41.47959	38.26964
1820	1.88848506646	82.00939	60.22071	106168500.0	73.46499	78.10201	1.975206e-05	41.47959	38.26964
1860	1.88150097623	82.00939	59.98156	106165000.0	73.46499	78.10201	1.957892e-05	41.48683	38.27945
1900	1.88150097623	82.00939	59.98156	106165000.0	73.46499	78.10201	1.957892e-05	41.48683	38.27945
1940	1.77963474335	82.0108	59.89888	106125600.0	73.44044	78.81072	1.968919e-05	41.45286	38.26682
1980	1.77963474335	82.0108	59.89888	106125600.0	73.44044	78.81072	1.968919e-05	41.45286	38.26682
2020	1.77963474335	82.0108	59.89888	106125600.0	73.44044	78.81072	1.968919e-05	41.45286	38.26682
2060	1.77963474335	82.0108	59.89888	106125600.0	73.44044	78.81072	1.968919e-05	41.45286	38.26682
2100	1.4202245536	81.96855	60.91932	108056500.0	73.29138	78.35986	2.008863e-05	42.29732	38.97654
2140	1.31018843268	81.58573	60.6761	110833600.0	73.0218	79.2734	2.010248e-05	42.53211	39.04599
2180	1.30608429107	81.58573	60.65369	110830300.0	73.0218	79.2734	2.008674e-05	42.53284	39.04695
2220	1.30608429107	81.58573	60.65369	110830300.0	73.0218	79.2734	2.008674e-05	42.53284	39.04695
2260	1.30608429107	81.58573	60.65369	110830300.0	73.0218	79.2734	2.008674e-05	42.53284	39.04695
2300	1.29351117618	81.58573	60.50931	110809600.0	73.0218	79.2734	1.998468e-05	42.53779	39.05313
2340	1.2861802373	81.58573	60.20535	110770900.0	73.0218	79.2734	1.976713e-05	42.54809	39.066
2380	1.2861802373	81.58573	60.20535	110770900.0	73.0218	79.2734	1.976713e-05	42.54809	39.066
2420	1.2861802373	81.58573	60.20535	110770900.0	73.0218	79.2734	1.976713e-05	42.54809	39.066
2460	1.2861802373	81.58573	60.20535	110770900.0	73.0218	79.2734	1.976713e-05	42.54809	39.066
2500	1.2861802373	81.58573	60.20535	110770900.0	73.0218	79.2734	1.976713e-05	42.54809	39.066
2540	1.2861802373	81.58573	60.20535	110770900.0	73.0218	79.2734	1.976713e-05	42.54809	39.066
2580	1.2861802373	81.58573	60.20535	110770900.0	73.0218	79.2734	1.976713e-05	42.54809	39.066
2620	1.22897193398	81.66969	61.30165	112338200.0	73.45409	78.56552	1.976724e-05	42.71601	39.14031
2660	1.22897193398	81.66969	61.30165	112338200.0	73.45409	78.56552	1.976724e-05	42.71601	39.14031
2700	1.22897193398	81.66969	61.30165	112338200.0	73.45409	78.56552	1.976724e-05	42.71601	39.14031
2740	1.12502895093	81.64378	60.29623	111883600.0	73.27435	82.05904	1.978798e-05	42.56477	39.12077
2780	1.12502895093	81.64378	60.29623	111883600.0	73.27435	82.05904	1.978798e-05	42.56477	39.12077
2820	1.12136752803	81.65324	60.41259	112034600.0	73.3268	81.94626	1.978799e-05	42.58421	39.09821
2860	0.514192095664	79.41763	62.46447	116038300.0	74.49272	80.31136	1.981776e-05	42.75864	39.57522
2900	0.501480048201	79.41763	64.9102	115190200.0	74.49272	80.31136	1.991452e-05	42.65851	39.59514
2940	0.50124673167	79.41763	64.99253	115159600.0	74.49272	80.31136	1.998888e-05	42.65432	39.59551
2980	0.50124673167	79.41763	64.99253	115159600.0	74.49272	80.31136	1.998888e-05	42.65432	39.59551
3020	0.501202602491	79.41763	64.95363	115174000.0	74.49272	80.31136	1.99538e-05	42.65626	39.59558
3060	0.501202602491	79.41763	64.95363	115174000.0	74.49272	80.31136	1.99538e-05	42.65626	39.59558
3100	0.501202602491	79.41763	64.95363	115174000.0	74.49272	80.31136	1.99538e-05	42.65626	39.59558
3140	0.401301533125	79.66258	63.35582	116197900.0	75.22736	79.60249	1.995393e-05	42.70235	39.62829
3180	0.40045531286	79.66258	63.31709	116216000.0	75.22736	79.60249	1.991466e-05	42.70379	39.62946
3220	0.399646084177	79.66258	63.27956	116233400.0	75.22736	79.60249	1.987645e-05	42.70558	39.63058
3260	0.399646084177	79.66258	63.27956	116233400.0	75.22736	79.60249	1.987645e-05	42.70558	39.63058
3300	0.399646084177	79.66258	63.27956	116233400.0	75.22736	79.60249	1.987645e-05	42.70558	39.63058
3340	0.399646084177	79.66258	63.27956	116233400.0	75.22736	79.60249	1.987645e-05	42.70558	39.63058
3380	0.399646084177	79.66258	63.27956	116233400.0	75.22736	79.60249	1.987645e-05	42.70558	39.63058
3420	0.389029749826	79.60448	63.63915	115982800.0	75.05004	79.7612	1.987642e-05	42.69941	39.62536
3460	0.389029749826	79.60448	63.63915	115982800.0	75.05004	79.7612	1.987642e-05	42.69941	39.62536
3500	0.389029749826	79.60448	63.63915	115982800.0	75.05004	79.7612	1.987642e-05	42.69941	39.62536
3540	0.389029749826	79.60448	63.63915	115982800.0	75.05004	79.7612	1.987642e-05	42.69941	39.62536
3580	0.389029749826	79.60448	63.63915	115982800.0	75.05004	79.7612	1.987642e-05	42.69941	39.62536
3620	0.389029749826	79.60448	63.63915	115982800.0	75.05004	79.7612	1.987642e-05	42.69941	39.62536
3660	0.389029749826	79.60448	63.63915	115982800.0	75.05004	79.7612	1.987642e-05	42.69941	39.62536
3700	0.389029749826	79.60448	63.63915	115982800.0	75.05004	79.7612	1.987642e-05	42.69941	39.62536
3740	0.389029749826	79.60448	63.63915	115982800.0	75.05004	79.7612	1.987642e-05	42.69941	39.62536
3780	0.389029749826	79.60448	63.63915	115982800.0	75.05004	79.7612	1.987642e-05	42.69941	39.62536
3820	0.389029749826	79.60448	63.63915	115982800.0	75.05004	79.7612	1.987642e-05	42.69941	39.62536
3860	0.389029749826	79.60448	63.63915	115982800.0	75.05004	79.7612	1.987642e-05	42.69941	39.62536
3900	0.389029749826	79.60448	63.63915	115982800.0	75.05004	79.7612	1.987642e-05	42.69941	39.62536
3940	0.373209487085	79.60448	66.89584	114751500.0	75.05004	79.7612	1.987642e-05	42.55954	39.64656
3980	0.373009746124	79.60448	66.83241	114775300.0	75.05004	79.7612	1.981786e-05	42.56317	39.64683
4020	0.372896442915	79.59289	66.70991	114746800.0	74.99167	79.81973	1.981785e-05	42.54532	39.64166
4060	0.372896442915	79.59289	66.70991	114746800.0	74.99167	79.81973	1.981785e-05	42.54532	39.64166
4100	0.372896442915	79.59289	66.70991	114746800.0	74.99167	79.81973	1.981785e-05	42.54532	39.64166
4140	0.372896442915	79.59289	66.70991	114746800.0	74.99167	79.81973	1.981785e-05	42.54532	39.64166
4180	0.372896442915	79.59289	66.70991	114746800.0	74.99167	79.81973	1.981785e-05	42.54532	39.64166
4220	0.372896442915	79.59289	66.70991	114746800.0	74.99167	79.81973	1.981785e-05	42.54532	39.64166
4260	0.372896442915	79.59289	66.70991	114746800.0	74.99167	79.81973	1.981785e-05	42.54532	39.64166
4300	0.372896442915	79.59289	66.70991	114746800.0	74.99167	79.81973	1.981785e-05	42.54532	39.64166
4340	0.372896442915	79.59289	66.70991	114746800.0	74.99167	79.81973	1.981785e-05	42.54532	39.64166
4380	0.372896442915	79.59289	66.70991	114746800.0	74.99167	79.81973	1.981785e-05	42.54532	39.64166
4420	0.372896442915	79.59289	66.70991	114746800.0	74.99167	79.81973	1.981785e-05	42.54532	39.64166
4460	0.372896442915	79.59289	66.70991	114746800.0	74.99167	79.81973	1.981785e-05	42.54532	39.64166
4500	0.372100973293	79.59289	66.74194	114734900.0	74.99167	79.81973	1.984745e-05	42.54351	39.64272
4540	0.372100973293	79.59289	66.74194	114734900.0	74.99167	79.81973	1.984745e-05	42.54351	39.64272
4580	0.372100973293	79.59289	66.74194	114734900.0	74.99167	79.81973	1.984745e-05	42.54351	39.64272
4620	0.372100973293	79.59289	66.74194	114734900.0	74.99167	79.81973	1.984745e-05	42.54351	39.64272
4660	0.372100973293	79.59289	66.74194	114734900.0	74.99167	79.81973	1.984745e-05	42.54351	39.64272
4700	0.372100973293	79.59289	66.74194	114734900.0	74.99167	79.81973	1.984745e-05	42.54351	39.64272
4740	0.372100973293	79.59289	66.74194	114734900.0	74.99167	79.81973	1.984745e-05	42.54351	39.64272
4780	0.372100973293	79.59289	66.74194	114734900.0	74.99167	79.81973	1.984745e-05	42.54351	39.64272
4820	0.372100973293	79.59289	66.74194	114734900.0	74.99167	79.81973	1.984745e-05	42.54351	39.64272
4860	0.372100973293	79.59289	66.74194	114734900.0	74.99167	79.81973	1.984745e-05	42.54351	39.64272
4900	0.368230720852	79.59289	64.10118	115722400.0	74.99167	79.81973	1.98474e-05	42.65544	39.64789
4940	0.368230720852	79.59289	64.10118	115722400.0	74.99167	79.81973	1.98474e-05	42.65544	39.64789
4980	0.368230720852	79.59289	64.10118	115722400.0	74.99167	79.81973	1.98474e-05	42.65544	39.64789
5020	0.368230720852	79.59289	64.10118	115722400.0	74.99167	79.81973	1.98474e-05	42.65544	39.64789
