60	19.5159923759	71.44865	65.0229	214170100.0	72.56415	61.74489	1.250193e-05	33.93201	21.36088
100	19.4800973317	72.72866	66.39737	211693300.0	72.60641	61.00099	1.249699e-05	34.30468	21.33983
140	16.0142274639	72.47455	59.30896	252917500.0	71.5868	57.64055	1.505393e-05	47.63643	26.37676
180	15.7809346394	71.15558	71.83898	219876800.0	71.55579	58.53967	1.492139e-05	43.02284	26.55746
220	15.7809346394	71.15558	71.83898	219876800.0	71.55579	58.53967	1.492139e-05	43.02284	26.55746
260	15.3235333609	71.58957	57.3051	242180700.0	72.21878	72.00666	1.510657e-05	47.25123	23.82989
300	15.2152730967	71.58957	59.6972	235839400.0	72.21878	72.00666	1.5065e-05	46.84671	23.86223
340	14.9065707665	72.55133	69.42339	182251900.0	73.03164	71.44766	1.505081e-05	44.19563	24.15181
380	14.717609279	73.18525	73.44606	116644200.0	75.15891	71.01456	1.505128e-05	39.25326	24.35053
420	14.69683165	73.18525	73.28025	115717700.0	75.15891	71.01456	1.504072e-05	39.20001	24.37818
460	9.40254055851	71.97223	54.68502	297517300.0	69.95451	70.18046	2.086633e-05	41.65781	32.91858
500	9.35139278349	71.97223	55.09623	296518200.0	69.95451	70.18046	2.087669e-05	41.5771	32.87862
540	9.12611662798	72.21856	56.97576	316062300.0	74.72575	68.24251	2.089549e-05	42.2998	32.95622
580	9.12611662798	72.21856	56.97576	316062300.0	74.72575	68.24251	2.089549e-05	42.2998	32.95622
620	9.03017655512	72.14177	53.47241	309505700.0	74.53706	71.06827	2.092038e-05	43.03963	33.17302
660	9.03017655512	72.14177	53.47241	309505700.0	74.53706	71.06827	2.092038e-05	43.03963	33.17302
700	9.03017655512	72.14177	53.47241	309505700.0	74.53706	71.06827	2.092038e-05	43.03963	33.17302
740	8.38141571315	73.49952	58.92926	288836300.0	76.33213	70.6906	2.090829e-05	41.76877	32.65985
780	8.38141571315	73.49952	58.92926	288836300.0	76.33213	70.6906	2.090829e-05	41.76877	32.65985
820	8.38141571315	73.49952	58.92926	288836300.0	76.33213	70.6906	2.090829e-05	41.76877	32.65985
860	8.16849695808	72.90668	58.21891	288126200.0	72.59479	72.48953	2.090764e-05	41.63255	32.76288
900	8.16849695808	72.90668	58.21891	288126200.0	72.59479	72.48953	2.090764e-05	41.63255	32.76288
940	8.16849695808	72.90668	58.21891	288126200.0	72.59479	72.48953	2.090764e-05	41.63255	32.76288
980	8.16849695808	72.90668	58.21891	288126200.0	72.59479	72.48953	2.090764e-05	41.63255	32.76288
1020	8.14548422134	72.87955	55.38134	280316500.0	72.36665	74.91697	2.092392e-05	42.17891	32.86388
1060	7.73526230528	72.87955	60.31347	267943300.0	72.36665	74.91697	2.095264e-05	41.32609	32.79925
1100	7.73526230528	72.87955	60.31347	267943300.0	72.36665	74.91697	2.095264e-05	41.32609	32.79925
1140	7.73526230528	72.87955	60.31347	267943300.0	72.36665	74.91697	2.095264e-05	41.32609	32.79925
1180	7.68158783772	72.87955	67.23583	248766100.0	72.36665	74.91697	2.005783e-05	40.53165	32.6238
1220	7.3445611815	72.80788	62.08236	234595200.0	71.84504	78.95315	2.007862e-05	41.05182	32.72093
1260	6.93737142479	74.19827	61.31844	238248600.0	71.96109	79.27865	2.00233e-05	41.50577	32.89869
1300	6.88385386881	74.74377	61.67654	225297200.0	72.53562	78.36854	2.001727e-05	41.45088	32.83377
1340	6.85724910504	74.77827	63.23899	220286300.0	72.68414	78.22161	1.989717e-05	41.22518	32.85471
1380	6.85724910504	74.77827	63.23899	220286300.0	72.68414	78.22161	1.989717e-05	41.22518	32.85471
1420	6.85724910504	74.77827	63.23899	220286300.0	72.68414	78.22161	1.989717e-05	41.22518	32.85471
1460	6.81378172234	74.77827	59.51076	233207000.0	72.68414	78.22161	1.989717e-05	41.6108	32.91564
1500	6.81378172234	74.77827	59.51076	233207000.0	72.68414	78.22161	1.989717e-05	41.6108	32.91564
1540	6.81378172234	74.77827	59.51076	233207000.0	72.68414	78.22161	1.989717e-05	41.6108	32.91564
1580	6.81378172234	74.77827	59.51076	233207000.0	72.68414	78.22161	1.989717e-05	41.6108	32.91564
1620	6.81378172234	74.77827	59.51076	233207000.0	72.68414	78.22161	1.989717e-05	41.6108	32.91564
1660	6.66132211646	74.77827	79.72603	180944600.0	72.68414	78.22161	1.989717e-05	39.21192	33.14115
1700	6.66132211646	74.77827	79.72603	180944600.0	72.68414	78.22161	1.989717e-05	39.21192	33.14115
1740	6.66132211646	74.77827	79.72603	180944600.0	72.68414	78.22161	1.989717e-05	39.21192	33.14115
1780	6.5337992552	74.73885	74.93553	179922600.0	72.27867	81.98862	1.990993e-05	39.73273	33.25122
1820	6.50649425303	74.67544	73.15535	191558700.0	71.89218	82.50736	1.996277e-05	39.78692	33.3436
1860	6.47749617724	74.67544	77.01462	170738300.0	71.89218	82.50736	1.948296e-05	39.56199	33.39097
1900	6.47749617724	74.67544	77.01462	170738300.0	71.89218	82.50736	1.948296e-05	39.56199	33.39097
1940	6.47749617724	74.67544	77.01462	170738300.0	71.89218	82.50736	1.948296e-05	39.56199	33.39097
1980	6.32939962459	75.06241	77.27709	148779700.0	72.32698	81.45837	1.947838e-05	39.71093	33.43741
2020	6.32939962459	75.06241	77.27709	148779700.0	72.32698	81.45837	1.947838e-05	39.71093	33.43741
2060	6.25498240841	75.06241	68.92732	194929400.0	72.32698	81.45837	1.934581e-05	40.16046	33.52293
2100	6.23023365319	75.06241	73.68075	173884700.0	72.32698	81.45837	1.880873e-05	39.88277	33.5546
2140	6.23023365319	75.06241	73.68075	173884700.0	72.32698	81.45837	1.880873e-05	39.88277	33.5546
2180	5.586724118	76.01518	74.92607	108921500.0	73.31251	78.41765	1.879164e-05	39.5488	34.13984
2220	5.57354563774	76.01518	77.62682	102946900.0	73.31251	78.41765	1.844157e-05	39.37146	34.17233
2260	5.57354563774	76.01518	77.62682	102946900.0	73.31251	78.41765	1.844157e-05	39.37146	34.17233
2300	5.56051574951	75.97978	76.90341	104573300.0	73.15846	78.56952	1.842545e-05	39.44693	34.19017
2340	5.34678699343	76.41499	59.28392	168754600.0	75.13268	76.85134	1.842572e-05	40.62415	34.46165
2380	5.33126959726	76.41499	59.83923	166550500.0	75.13268	76.85134	1.836203e-05	40.58218	34.46126
2420	5.33126959726	76.41499	59.83923	166550500.0	75.13268	76.85134	1.836203e-05	40.58218	34.46126
2460	5.33032230029	76.41499	61.95557	157582000.0	75.13268	76.85134	1.812024e-05	40.42795	34.46139
2500	5.32903160207	76.41499	63.43907	150822700.0	75.13268	76.85134	1.795056e-05	40.32447	34.46298
2540	5.32903160207	76.41499	63.43907	150822700.0	75.13268	76.85134	1.795056e-05	40.32447	34.46298
2580	5.32788706918	76.41499	64.23468	147006000.0	75.13268	76.85134	1.785895e-05	40.27055	34.46439
2620	5.32788706918	76.41499	64.23468	147006000.0	75.13268	76.85134	1.785895e-05	40.27055	34.46439
2660	5.32788706918	76.41499	64.23468	147006000.0	75.13268	76.85134	1.785895e-05	40.27055	34.46439
2700	5.32788706918	76.41499	64.23468	147006000.0	75.13268	76.85134	1.785895e-05	40.27055	34.46439
2740	5.32788706918	76.41499	64.23468	147006000.0	75.13268	76.85134	1.785895e-05	40.27055	34.46439
2780	5.28692526693	76.41499	61.54619	159514100.0	75.13268	76.85134	1.785895e-05	40.44894	34.51489
2820	5.28692526693	76.41499	61.54619	159514100.0	75.13268	76.85134	1.785895e-05	40.44894	34.51489
2860	5.28681989748	76.41499	61.06233	161642900.0	75.13268	76.85134	1.791511e-05	40.48325	34.51502
2900	5.28681989748	76.41499	61.06233	161642900.0	75.13268	76.85134	1.791511e-05	40.48325	34.51502
2940	5.28681989748	76.41499	61.06233	161642900.0	75.13268	76.85134	1.791511e-05	40.48325	34.51502
2980	5.2574078454	76.17842	60.98658	162665500.0	73.95257	77.82605	1.791497e-05	40.44138	34.50137
3020	5.2574078454	76.17842	60.98658	162665500.0	73.95257	77.82605	1.791497e-05	40.44138	34.50137
3060	5.2574078454	76.17842	60.98658	162665500.0	73.95257	77.82605	1.791497e-05	40.44138	34.50137
3100	5.2574078454	76.17842	60.98658	162665500.0	73.95257	77.82605	1.791497e-05	40.44138	34.50137
3140	5.2574078454	76.17842	60.98658	162665500.0	73.95257	77.82605	1.791497e-05	40.44138	34.50137
3180	5.2574078454	76.17842	60.98658	162665500.0	73.95257	77.82605	1.791497e-05	40.44138	34.50137
3220	5.2574078454	76.17842	60.98658	162665500.0	73.95257	77.82605	1.791497e-05	40.44138	34.50137
3260	5.2574078454	76.17842	60.98658	162665500.0	73.95257	77.82605	1.791497e-05	40.44138	34.50137
3300	5.2574078454	76.17842	60.98658	162665500.0	73.95257	77.82605	1.791497e-05	40.44138	34.50137
3340	5.25735064876	76.17842	60.88018	163093100.0	73.95257	77.82605	1.792732e-05	40.44893	34.50144
3380	5.25735064876	76.17842	60.88018	163093100.0	73.95257	77.82605	1.792732e-05	40.44893	34.50144
3420	5.12255786017	77.66073	69.69268	142096200.0	68.36797	71.7799	1.949441e-05	57.20215	38.32177
3460	5.12255786017	77.66073	69.69268	142096200.0	68.36797	71.7799	1.949441e-05	57.20215	38.32177
3500	5.03637656513	77.66073	68.48351	142622400.0	68.36797	71.7799	1.97148e-05	57.38041	38.69777
3540	5.03637656513	77.66073	68.48351	142622400.0	68.36797	71.7799	1.97148e-05	57.38041	38.69777
3580	5.03637656513	77.66073	68.48351	142622400.0	68.36797	71.7799	1.97148e-05	57.38041	38.69777
3620	5.03637656513	77.66073	68.48351	142622400.0	68.36797	71.7799	1.97148e-05	57.38041	38.69777
3660	4.69520017932	77.30949	56.08905	151226100.0	67.29911	86.58754	2.082782e-05	59.50187	50.75184
3700	4.52810911007	77.59548	65.95304	144375300.0	68.16729	73.21182	1.991805e-05	57.73029	40.4277
3740	3.539868185	82.60007	60.88379	145577100.0	67.59725	78.65613	1.971283e-05	66.00353	41.22615
3780	3.539868185	82.60007	60.88379	145577100.0	67.59725	78.65613	1.971283e-05	66.00353	41.22615
3820	3.539868185	82.60007	60.88379	145577100.0	67.59725	78.65613	1.971283e-05	66.00353	41.22615
3860	3.539868185	82.60007	60.88379	145577100.0	67.59725	78.65613	1.971283e-05	66.00353	41.22615
3900	3.539868185	82.60007	60.88379	145577100.0	67.59725	78.65613	1.971283e-05	66.00353	41.22615
3940	3.539868185	82.60007	60.88379	145577100.0	67.59725	78.65613	1.971283e-05	66.00353	41.22615
3980	3.539868185	82.60007	60.88379	145577100.0	67.59725	78.65613	1.971283e-05	66.00353	41.22615
4020	3.539868185	82.60007	60.88379	145577100.0	67.59725	78.65613	1.971283e-05	66.00353	41.22615
4060	3.539868185	82.60007	60.88379	145577100.0	67.59725	78.65613	1.971283e-05	66.00353	41.22615
4100	3.539868185	82.60007	60.88379	145577100.0	67.59725	78.65613	1.971283e-05	66.00353	41.22615
4140	3.539868185	82.60007	60.88379	145577100.0	67.59725	78.65613	1.971283e-05	66.00353	41.22615
4180	3.539868185	82.60007	60.88379	145577100.0	67.59725	78.65613	1.971283e-05	66.00353	41.22615
4220	3.539868185	82.60007	60.88379	145577100.0	67.59725	78.65613	1.971283e-05	66.00353	41.22615
4260	3.539868185	82.60007	60.88379	145577100.0	67.59725	78.65613	1.971283e-05	66.00353	41.22615
4300	3.51853535674	83.36945	60.9722	119524000.0	76.33204	76.80946	2.182357e-05	45.69724	40.48991
4340	3.34567573518	80.68486	60.52357	118940800.0	76.25141	80.61506	2.18926e-05	45.2987	40.42473
4380	3.34567573518	80.68486	60.52357	118940800.0	76.25141	80.61506	2.18926e-05	45.2987	40.42473
4420	3.3376715726	80.69559	60.97724	119085700.0	76.32676	79.47992	2.188359e-05	45.34779	40.47347
4460	2.71045562842	81.02157	56.11031	118249500.0	77.37203	78.73158	2.07545e-05	45.3778	40.09695
4500	2.65810004127	81.02522	56.30466	118342300.0	77.39944	78.30044	2.075043e-05	45.4123	40.11415
4540	2.65810004127	81.02522	56.30466	118342300.0	77.39944	78.30044	2.075043e-05	45.4123	40.11415
4580	2.03376523551	81.02522	57.71545	118537000.0	77.39944	78.30044	2.075043e-05	45.3794	40.14552
4620	1.5244637346	81.02522	60.42245	119081400.0	77.39944	78.30044	2.075043e-05	45.22733	40.18495
4660	1.50197893409	81.02522	63.21	120002300.0	77.39944	78.30044	2.072727e-05	45.11531	39.77686
4700	1.33737273559	81.01334	62.64369	119858400.0	77.31487	79.5535	2.073866e-05	45.07696	39.76115
4740	1.33737273559	81.01334	62.64369	119858400.0	77.31487	79.5535	2.073866e-05	45.07696	39.76115
4780	1.33737273559	81.01334	62.64369	119858400.0	77.31487	79.5535	2.073866e-05	45.07696	39.76115
4820	0.714031333498	80.6421	59.86376	122243000.0	77.62254	79.275	2.007003e-05	45.44657	39.29763
4860	0.714031333498	80.6421	59.86376	122243000.0	77.62254	79.275	2.007003e-05	45.44657	39.29763
4900	0.576354174261	79.90159	59.65274	125714300.0	76.95526	79.80731	2.008232e-05	45.59167	39.42312
4940	0.576354174261	79.90159	59.65274	125714300.0	76.95526	79.80731	2.008232e-05	45.59167	39.42312
4980	0.576354174261	79.90159	59.65274	125714300.0	76.95526	79.80731	2.008232e-05	45.59167	39.42312
5020	0.55633310989	79.90886	59.75787	125929200.0	77.03681	79.73001	2.008234e-05	45.61145	39.43194
