60	161.829375386	90.15379	326.6712	47250150.0	92.17197	75.84679	1.219641e-05	62.90266	1.710795
100	161.560573812	90.15379	326.2019	47326190.0	92.17197	75.84679	1.217339e-05	61.93335	1.695642
140	161.560573812	90.15379	326.2019	47326190.0	92.17197	75.84679	1.217339e-05	61.93335	1.695642
180	161.560573812	90.15379	326.2019	47326190.0	92.17197	75.84679	1.217339e-05	61.93335	1.695642
220	160.211872256	85.84832	324.4027	55269590.0	88.10368	76.58498	1.222575e-05	62.91963	1.774055
260	160.211872256	85.84832	324.4027	55269590.0	88.10368	76.58498	1.222575e-05	62.91963	1.774055
300	159.17055879	79.83752	321.1224	50838720.0	65.31442	71.5169	9.422878e-06	23.69214	2.218821
340	154.896950352	79.98962	319.7947	50715580.0	65.71044	72.09404	9.12694e-06	23.77891	35.29059
380	154.883612152	79.98962	319.7628	50641600.0	65.71044	72.09404	9.12694e-06	23.78048	35.18968
420	21.0266751869	87.49205	46.97719	89015830.0	79.6409	58.8787	1.643683e-05	77.32415	21.03402
460	20.6293909546	86.92372	46.11735	104448700.0	76.53717	59.32933	1.747039e-05	79.3134	21.23152
500	19.4527493557	87.46139	50.32487	94735870.0	78.37415	58.84507	1.732878e-05	73.00938	21.93224
540	19.1712469416	87.36179	49.84238	98184210.0	78.02126	58.60831	1.778659e-05	77.02422	22.40279
580	19.1473927619	87.36619	49.79041	98389110.0	78.09106	58.54611	1.778662e-05	77.03682	22.46525
620	10.121949222	86.51799	64.80999	133332300.0	78.28453	59.25928	1.881328e-05	47.40495	35.14237
660	9.82848768832	86.45747	59.6226	112313500.0	78.0688	59.25733	1.849605e-05	46.81477	35.99762
700	8.97763058553	86.275	55.61911	119739400.0	77.90068	63.3919	1.891172e-05	46.38009	34.93264
740	8.97763058553	86.275	55.61911	119739400.0	77.90068	63.3919	1.891172e-05	46.38009	34.93264
780	8.9509435596	86.2558	55.24881	119643000.0	77.85352	63.77289	1.893342e-05	46.31137	34.83374
820	8.27669867852	86.14111	57.56041	125452200.0	77.42934	63.78196	1.930069e-05	46.33619	35.60871
860	8.18686727598	86.14111	59.16887	131905600.0	77.42934	63.78196	1.930069e-05	46.35949	35.55832
900	7.95977511631	86.08846	58.04026	130992500.0	77.27998	64.85867	1.935452e-05	46.17966	35.30145
940	7.89131643865	86.06741	57.58785	130500700.0	77.214	65.30669	1.937422e-05	46.1043	35.18856
980	7.85187351929	85.90442	58.09039	137234100.0	76.7029	65.30836	1.937402e-05	46.23987	35.16961
1020	7.55917786474	85.78589	58.48104	144896700.0	76.29143	65.33455	1.972738e-05	46.29382	35.71673
1060	7.46648394257	86.02638	58.01889	129379500.0	77.14114	65.28347	1.964781e-05	46.05864	36.06687
1100	7.46648394257	86.02638	58.01889	129379500.0	77.14114	65.28347	1.964781e-05	46.05864	36.06687
1140	7.40653276242	85.92272	58.41091	132454900.0	76.76861	65.41387	1.965228e-05	46.09364	36.01183
1180	7.19239887791	85.81101	57.59754	131819800.0	76.37375	66.38803	1.96655e-05	45.96604	35.83725
1220	6.29949061231	85.27004	57.81114	138870800.0	76.48152	68.73389	1.977763e-05	45.73098	35.88487
1260	5.53845128453	84.87354	60.73362	137580300.0	76.83766	69.17363	1.979658e-05	45.15023	36.84394
1300	4.94499728443	84.55325	60.20449	136071100.0	76.88319	70.70805	1.984957e-05	45.09662	36.88315
1340	4.9394349367	84.55325	60.05868	135261300.0	76.88319	70.70805	1.983559e-05	45.10431	36.89446
1380	4.9394349367	84.55325	60.05868	135261300.0	76.88319	70.70805	1.983559e-05	45.10431	36.89446
1420	4.50647388269	84.27089	63.22037	152365600.0	75.84111	70.90952	2.089721e-05	44.94713	38.54553
1460	4.4485322386	84.27089	63.18153	147553200.0	75.84111	70.90952	2.084005e-05	44.97395	38.64039
1500	4.4485322386	84.27089	63.18153	147553200.0	75.84111	70.90952	2.084005e-05	44.97395	38.64039
1540	4.4485322386	84.27089	63.18153	147553200.0	75.84111	70.90952	2.084005e-05	44.97395	38.64039
1580	4.4328308257	84.17116	63.28609	151966700.0	75.49578	70.98653	2.083997e-05	44.96564	38.57904
1620	3.69649972014	83.77715	63.05926	149406500.0	75.53033	72.8913	2.089138e-05	44.91123	38.70446
1660	3.67557958025	83.77715	60.85738	136476200.0	75.53033	72.8913	2.089138e-05	45.0736	38.78303
1700	3.63568263433	83.77715	60.49298	134739600.0	75.53033	72.8913	2.085857e-05	45.09745	38.84358
1740	3.63568263433	83.77715	60.49298	134739600.0	75.53033	72.8913	2.085857e-05	45.09745	38.84358
1780	3.63568263433	83.77715	60.49298	134739600.0	75.53033	72.8913	2.085857e-05	45.09745	38.84358
1820	3.33207808496	82.20836	58.6268	134692500.0	74.23875	73.57249	2.075031e-05	45.18355	39.20721
1860	2.42254316644	81.70228	59.55104	141236800.0	74.26246	75.9619	2.067685e-05	45.00323	38.83442
1900	2.42254316644	81.70228	59.55104	141236800.0	74.26246	75.9619	2.067685e-05	45.00323	38.83442
1940	2.42254316644	81.70228	59.55104	141236800.0	74.26246	75.9619	2.067685e-05	45.00323	38.83442
1980	2.03880555807	79.17157	58.21301	134510000.0	74.23036	81.2455	2.074223e-05	44.72337	38.83481
2020	1.59447848002	79.27095	60.08944	142563100.0	75.56025	79.55009	2.074245e-05	45.29083	39.06951
2060	1.59447848002	79.27095	60.08944	142563100.0	75.56025	79.55009	2.074245e-05	45.29083	39.06951
2100	1.59447848002	79.27095	60.08944	142563100.0	75.56025	79.55009	2.074245e-05	45.29083	39.06951
2140	1.54830483102	79.27095	59.39989	139913100.0	75.56025	79.55009	2.070139e-05	45.29921	39.12986
2180	1.53298944512	79.28197	59.56645	140557400.0	75.72695	79.36361	2.070142e-05	45.3555	39.14769
2220	1.53298944512	79.28197	59.56645	140557400.0	75.72695	79.36361	2.070142e-05	45.3555	39.14769
2260	1.53298944512	79.28197	59.56645	140557400.0	75.72695	79.36361	2.070142e-05	45.3555	39.14769
2300	1.50240502933	79.28197	61.98318	148813100.0	75.72695	79.36361	2.070142e-05	45.21223	39.16865
2340	1.50240502933	79.28197	61.98318	148813100.0	75.72695	79.36361	2.070142e-05	45.21223	39.16865
2380	1.50240502933	79.28197	61.98318	148813100.0	75.72695	79.36361	2.070142e-05	45.21223	39.16865
2420	1.50240502933	79.28197	61.98318	148813100.0	75.72695	79.36361	2.070142e-05	45.21223	39.16865
2460	1.0076014579	79.30556	64.94251	158205900.0	76.10085	78.96418	2.042794e-05	45.12482	39.57785
2500	0.988763961757	79.18769	65.23271	163092500.0	75.66217	79.30477	2.042787e-05	45.08895	39.51698
2540	0.47411293284	79.18769	61.91403	140173900.0	75.66217	79.30477	2.001749e-05	45.41254	39.97353
2580	0.45752382591	79.11335	59.80996	133727200.0	74.60862	80.61743	1.992854e-05	45.04001	39.89146
2620	0.432452246132	79.12099	60.192	134354500.0	74.6503	80.28114	1.995027e-05	45.07834	39.89309
2660	0.432452246132	79.12099	60.192	134354500.0	74.6503	80.28114	1.995027e-05	45.07834	39.89309
2700	0.405069481311	79.13829	60.49441	135053600.0	74.8148	79.79044	1.994836e-05	45.17209	39.93956
2740	0.402939528267	79.13829	60.2536	134554100.0	74.8148	79.79044	1.992479e-05	45.17618	39.96192
2780	0.401830481985	79.13829	63.45271	142168600.0	74.8148	79.79044	1.992479e-05	45.08101	39.98246
2820	0.401830481985	79.13829	63.45271	142168600.0	74.8148	79.79044	1.992479e-05	45.08101	39.98246
2860	0.398516475261	79.21777	62.97864	140596000.0	75.07761	79.55145	1.992484e-05	45.08554	39.99633
2900	0.355435075301	79.20221	62.68082	140294000.0	74.99445	80.18768	1.992861e-05	45.01979	39.94919
2940	0.355435075301	79.20221	62.68082	140294000.0	74.99445	80.18768	1.992861e-05	45.01979	39.94919
2980	0.355435075301	79.20221	62.68082	140294000.0	74.99445	80.18768	1.992861e-05	45.01979	39.94919
3020	0.355435075301	79.20221	62.68082	140294000.0	74.99445	80.18768	1.992861e-05	45.01979	39.94919
3060	0.354888646956	79.20221	65.19645	150147300.0	74.99445	80.18768	1.992861e-05	44.88017	39.95434
3100	0.311606884031	79.31485	62.80962	140812100.0	75.37787	79.83352	1.994221e-05	45.00839	40.42441
3140	0.298995683007	80.89938	62.95269	134656900.0	76.67346	79.32345	1.992639e-05	44.97044	40.18729
3180	0.0	80.62414	64.49039	139321900.0	75.73776	80.03968	1.992623e-05	45.00705	40.16134
