60	119.365575917	45.80673	157.9361	428070300.0	45.76354	56.45618	3.289085e-05	136.2561	98.05859
100	113.055214984	45.80673	134.9908	427377200.0	45.76354	56.45618	3.298762e-05	136.0388	97.34752
140	113.055214984	45.80673	134.9908	427377200.0	45.76354	56.45618	3.298762e-05	136.0388	97.34752
180	113.055214984	45.80673	134.9908	427377200.0	45.76354	56.45618	3.298762e-05	136.0388	97.34752
220	17.918029567	78.45114	45.11072	110714800.0	77.96148	57.25068	1.999409e-05	55.87599	26.49298
260	14.9410033029	78.37038	61.12232	135599000.0	76.17798	54.97074	2.566699e-05	67.95969	45.85933
300	14.8699855781	78.54909	60.5477	129473800.0	76.9758	54.90379	2.559124e-05	66.75928	45.18519
340	13.6966708747	78.68347	54.75017	125028900.0	77.80639	55.07114	2.392634e-05	67.07599	36.77241
380	13.6736964501	78.68347	54.72198	125004900.0	77.80639	55.07114	2.389652e-05	67.07284	36.77298
420	13.3293068574	79.62558	59.51523	124951700.0	83.30841	54.94482	2.390023e-05	68.9196	36.91926
460	12.5626292113	79.46073	58.49301	120722400.0	82.84721	54.39923	2.264509e-05	64.29655	36.98483
500	12.5626292113	79.46073	58.49301	120722400.0	82.84721	54.39923	2.264509e-05	64.29655	36.98483
540	12.5157690906	79.46073	58.41767	120684100.0	82.84721	54.39923	2.25684e-05	64.29338	36.98622
580	12.4910894809	79.46073	63.57234	123898600.0	82.84721	54.39923	2.25684e-05	64.16389	36.93313
620	12.4443299692	79.37328	64.59335	123190800.0	82.56234	53.95613	2.246494e-05	63.99425	37.93849
660	12.4424945161	79.35695	64.77154	123015500.0	82.51106	53.87732	2.244614e-05	63.96148	38.12179
700	12.4081150088	79.35695	65.84469	122968500.0	82.51106	53.87732	2.240311e-05	63.82694	38.19203
740	12.3921140018	79.35695	62.9328	123896300.0	82.51106	53.87732	2.240311e-05	63.50634	38.33843
780	12.3921140018	79.35695	62.9328	123896300.0	82.51106	53.87732	2.240311e-05	63.50634	38.33843
820	12.3921140018	79.35695	62.9328	123896300.0	82.51106	53.87732	2.240311e-05	63.50634	38.33843
860	12.0343618955	79.35695	61.83015	124111200.0	82.51106	53.87732	2.17286e-05	63.58201	38.34988
900	12.0343618955	79.35695	61.83015	124111200.0	82.51106	53.87732	2.17286e-05	63.58201	38.34988
940	11.1194559557	83.3054	60.94424	127638300.0	86.72854	73.36996	1.735111e-05	50.87669	27.8644
980	11.0992070389	83.3054	60.02808	126922500.0	86.72854	73.36996	1.735111e-05	50.73109	27.88815
1020	10.0760382642	82.9544	65.43548	141929200.0	82.95143	73.12316	1.803179e-05	55.63142	29.13118
1060	10.0760382642	82.9544	65.43548	141929200.0	82.95143	73.12316	1.803179e-05	55.63142	29.13118
1100	10.0760382642	82.9544	65.43548	141929200.0	82.95143	73.12316	1.803179e-05	55.63142	29.13118
1140	9.96861467463	81.92769	64.17566	137904400.0	82.93816	75.24576	1.810708e-05	53.00357	28.97516
1180	9.9012546775	81.92769	58.98977	130080800.0	82.93816	75.24576	1.801757e-05	51.9819	29.07387
1220	9.8702289736	81.83001	60.43849	131337900.0	82.09314	75.44209	1.801754e-05	52.42228	29.06813
1260	9.73962388806	81.34102	63.99415	141641300.0	77.11299	77.99546	1.80173e-05	53.76862	29.02655
1300	9.73962388806	81.34102	63.99415	141641300.0	77.11299	77.99546	1.80173e-05	53.76862	29.02655
1340	9.73962388806	81.34102	63.99415	141641300.0	77.11299	77.99546	1.80173e-05	53.76862	29.02655
1380	9.32272446405	76.41212	50.02389	144249700.0	75.93321	70.41773	1.95165e-05	45.16338	33.60912
1420	9.31485286068	76.42679	50.26459	145661700.0	76.59374	69.99852	1.951659e-05	45.30932	33.61736
1460	9.31485286068	76.42679	50.26459	145661700.0	76.59374	69.99852	1.951659e-05	45.30932	33.61736
1500	9.21544832162	76.42679	50.55027	145025600.0	76.59374	69.99852	1.941554e-05	45.21293	33.61124
1540	9.17215220329	78.24998	57.51194	143598500.0	71.90676	62.99429	2.262275e-05	67.00028	38.72252
1580	9.17215220329	78.24998	57.51194	143598500.0	71.90676	62.99429	2.262275e-05	67.00028	38.72252
1620	9.17215220329	78.24998	57.51194	143598500.0	71.90676	62.99429	2.262275e-05	67.00028	38.72252
1660	9.05972317965	76.37554	50.7472	137489700.0	76.42897	71.41738	1.934309e-05	44.56522	33.26871
1700	4.95876684208	79.99338	53.54661	248856400.0	73.41058	82.13943	1.9776e-05	57.17574	36.50052
1740	4.95876684208	79.99338	53.54661	248856400.0	73.41058	82.13943	1.9776e-05	57.17574	36.50052
1780	2.6154502754	80.52488	70.21304	179737000.0	75.5086	79.56149	1.97403e-05	54.05733	37.04909
1820	2.6154502754	80.52488	70.21304	179737000.0	75.5086	79.56149	1.97403e-05	54.05733	37.04909
1860	2.52342435557	80.84618	69.86559	150735200.0	76.94518	78.44282	1.974043e-05	52.56093	37.25329
1900	2.26497685039	79.26425	70.17545	160778300.0	74.63683	77.6004	1.97376e-05	52.35963	37.7742
1940	2.20708736282	77.84678	70.49888	162049500.0	74.5741	79.48191	1.980668e-05	51.43649	37.77348
1980	1.6605568461	77.7811	70.59021	156490500.0	74.34419	79.42152	2.008277e-05	51.16142	38.5629
2020	1.6605568461	77.7811	70.59021	156490500.0	74.34419	79.42152	2.008277e-05	51.16142	38.5629
2060	1.50122448347	79.2911	70.82994	148665000.0	75.37584	79.0178	2.006862e-05	51.00953	38.41916
2100	1.46025811409	79.2911	69.84703	144360100.0	75.37584	79.0178	2.00191e-05	50.7969	38.4634
2140	1.46025811409	79.2911	69.84703	144360100.0	75.37584	79.0178	2.00191e-05	50.7969	38.4634
2180	1.46025811409	79.2911	69.84703	144360100.0	75.37584	79.0178	2.00191e-05	50.7969	38.4634
2220	1.30328907675	79.2911	60.44995	131653800.0	75.37584	79.0178	2.032809e-05	50.37228	38.82664
2260	1.30328907675	79.2911	60.44995	131653800.0	75.37584	79.0178	2.032809e-05	50.37228	38.82664
2300	1.30328907675	79.2911	60.44995	131653800.0	75.37584	79.0178	2.032809e-05	50.37228	38.82664
2340	1.29834248411	79.2772	60.20879	131601500.0	75.32399	79.61799	2.033168e-05	50.36742	38.75479
2380	1.27487782749	79.2772	61.09321	131937300.0	75.32399	79.61799	2.033168e-05	50.36316	38.78622
2420	1.27487782749	79.2772	61.09321	131937300.0	75.32399	79.61799	2.033168e-05	50.36316	38.78622
2460	1.16251602334	79.2772	59.67863	131392100.0	75.32399	79.61799	2.018723e-05	50.32561	38.8267
2500	1.16251602334	79.2772	59.67863	131392100.0	75.32399	79.61799	2.018723e-05	50.32561	38.8267
2540	1.16251602334	79.2772	59.67863	131392100.0	75.32399	79.61799	2.018723e-05	50.32561	38.8267
2580	1.16251602334	79.2772	59.67863	131392100.0	75.32399	79.61799	2.018723e-05	50.32561	38.8267
2620	1.16251602334	79.2772	59.67863	131392100.0	75.32399	79.61799	2.018723e-05	50.32561	38.8267
2660	1.16251602334	79.2772	59.67863	131392100.0	75.32399	79.61799	2.018723e-05	50.32561	38.8267
2700	1.16251602334	79.2772	59.67863	131392100.0	75.32399	79.61799	2.018723e-05	50.32561	38.8267
2740	1.13877718706	79.24879	60.54008	133999500.0	75.20449	79.34509	2.05526e-05	51.36563	39.56394
2780	1.13877718706	79.24879	60.54008	133999500.0	75.20449	79.34509	2.05526e-05	51.36563	39.56394
2820	0.618286401293	79.24879	60.25749	133743500.0	75.20449	79.34509	2.007288e-05	51.37526	39.53121
2860	0.618286401293	79.24879	60.25749	133743500.0	75.20449	79.34509	2.007288e-05	51.37526	39.53121
2900	0.618286401293	79.24879	60.25749	133743500.0	75.20449	79.34509	2.007288e-05	51.37526	39.53121
2940	0.606474857495	79.24879	59.87298	133578300.0	75.20449	79.34509	2.0037e-05	51.36537	39.54191
2980	0.553444595593	79.22856	61.8376	134435100.0	75.12768	80.22218	2.004207e-05	51.35428	39.51399
3020	0.553444595593	79.22856	61.8376	134435100.0	75.12768	80.22218	2.004207e-05	51.35428	39.51399
3060	0.553444595593	79.22856	61.8376	134435100.0	75.12768	80.22218	2.004207e-05	51.35428	39.51399
3100	0.503848645603	79.33207	60.72738	134179400.0	75.51906	79.84438	2.004211e-05	51.27343	39.55249
3140	0.503848645603	79.33207	60.72738	134179400.0	75.51906	79.84438	2.004211e-05	51.27343	39.55249
3180	0.503848645603	79.33207	60.72738	134179400.0	75.51906	79.84438	2.004211e-05	51.27343	39.55249
3220	0.503848645603	79.33207	60.72738	134179400.0	75.51906	79.84438	2.004211e-05	51.27343	39.55249
3260	0.503848645603	79.33207	60.72738	134179400.0	75.51906	79.84438	2.004211e-05	51.27343	39.55249
3300	0.503848645603	79.33207	60.72738	134179400.0	75.51906	79.84438	2.004211e-05	51.27343	39.55249
3340	0.503848645603	79.33207	60.72738	134179400.0	75.51906	79.84438	2.004211e-05	51.27343	39.55249
3380	0.503848645603	79.33207	60.72738	134179400.0	75.51906	79.84438	2.004211e-05	51.27343	39.55249
3420	0.483651112167	79.33207	59.93715	133851600.0	75.51906	79.84438	1.996496e-05	51.25546	39.57565
3460	0.483651112167	79.33207	59.93715	133851600.0	75.51906	79.84438	1.996496e-05	51.25546	39.57565
3500	0.483651112167	79.33207	59.93715	133851600.0	75.51906	79.84438	1.996496e-05	51.25546	39.57565
3540	0.483651112167	79.33207	59.93715	133851600.0	75.51906	79.84438	1.996496e-05	51.25546	39.57565
3580	0.483651112167	79.33207	59.93715	133851600.0	75.51906	79.84438	1.996496e-05	51.25546	39.57565
3620	0.483651112167	79.33207	59.93715	133851600.0	75.51906	79.84438	1.996496e-05	51.25546	39.57565
3660	0.390813028971	79.33207	65.75176	136657200.0	75.51906	79.84438	1.996496e-05	51.19773	39.72087
3700	0.360475391654	79.33207	73.15179	148366400.0	75.51906	79.84438	1.996496e-05	51.75462	39.77923
3740	0.304544549062	79.33207	70.14342	139766500.0	75.51906	79.84438	1.985506e-05	51.08896	39.96639
3780	0.304544549062	79.33207	70.14342	139766500.0	75.51906	79.84438	1.985506e-05	51.08896	39.96639
3820	0.303092159722	79.33207	68.37705	137390400.0	75.51906	79.84438	1.960749e-05	50.88919	40.04386
3860	0.303092159722	79.33207	68.37705	137390400.0	75.51906	79.84438	1.960749e-05	50.88919	40.04386
3900	0.303092159722	79.33207	68.37705	137390400.0	75.51906	79.84438	1.960749e-05	50.88919	40.04386
3940	0.303092159722	79.33207	68.37705	137390400.0	75.51906	79.84438	1.960749e-05	50.88919	40.04386
3980	0.303092159722	79.33207	68.37705	137390400.0	75.51906	79.84438	1.960749e-05	50.88919	40.04386
4020	0.303092159722	79.33207	68.37705	137390400.0	75.51906	79.84438	1.960749e-05	50.88919	40.04386
4060	0.303092159722	79.33207	68.37705	137390400.0	75.51906	79.84438	1.960749e-05	50.88919	40.04386
4100	0.303092159722	79.33207	68.37705	137390400.0	75.51906	79.84438	1.960749e-05	50.88919	40.04386
4140	0.303092159722	79.33207	68.37705	137390400.0	75.51906	79.84438	1.960749e-05	50.88919	40.04386
4180	0.303092159722	79.33207	68.37705	137390400.0	75.51906	79.84438	1.960749e-05	50.88919	40.04386
4220	0.303092159722	79.33207	68.37705	137390400.0	75.51906	79.84438	1.960749e-05	50.88919	40.04386
4260	0.303092159722	79.33207	68.37705	137390400.0	75.51906	79.84438	1.960749e-05	50.88919	40.04386
4300	0.303092159722	79.33207	68.37705	137390400.0	75.51906	79.84438	1.960749e-05	50.88919	40.04386
4340	0.303092159722	79.33207	68.37705	137390400.0	75.51906	79.84438	1.960749e-05	50.88919	40.04386
4380	0.303092159722	79.33207	68.37705	137390400.0	75.51906	79.84438	1.960749e-05	50.88919	40.04386
4420	0.303092159722	79.33207	68.37705	137390400.0	75.51906	79.84438	1.960749e-05	50.88919	40.04386
4460	0.303092159722	79.33207	68.37705	137390400.0	75.51906	79.84438	1.960749e-05	50.88919	40.04386
4500	0.303092159722	79.33207	68.37705	137390400.0	75.51906	79.84438	1.960749e-05	50.88919	40.04386
4540	0.303092159722	79.33207	68.37705	137390400.0	75.51906	79.84438	1.960749e-05	50.88919	40.04386
4580	0.303092159722	79.33207	68.37705	137390400.0	75.51906	79.84438	1.960749e-05	50.88919	40.04386
4620	0.303092159722	79.33207	68.37705	137390400.0	75.51906	79.84438	1.960749e-05	50.88919	40.04386
4660	0.303092159722	79.33207	68.37705	137390400.0	75.51906	79.84438	1.960749e-05	50.88919	40.04386
4700	0.303092159722	79.33207	68.37705	137390400.0	75.51906	79.84438	1.960749e-05	50.88919	40.04386
4740	0.303092159722	79.33207	68.37705	137390400.0	75.51906	79.84438	1.960749e-05	50.88919	40.04386
4780	0.303092159722	79.33207	68.37705	137390400.0	75.51906	79.84438	1.960749e-05	50.88919	40.04386
4820	0.303092159722	79.33207	68.37705	137390400.0	75.51906	79.84438	1.960749e-05	50.88919	40.04386
4860	0.303092159722	79.33207	68.37705	137390400.0	75.51906	79.84438	1.960749e-05	50.88919	40.04386
4900	0.303092159722	79.33207	68.37705	137390400.0	75.51906	79.84438	1.960749e-05	50.88919	40.04386
4940	0.303092159722	79.33207	68.37705	137390400.0	75.51906	79.84438	1.960749e-05	50.88919	40.04386
4980	0.303092159722	79.33207	68.37705	137390400.0	75.51906	79.84438	1.960749e-05	50.88919	40.04386
5020	0.303092159722	79.33207	68.37705	137390400.0	75.51906	79.84438	1.960749e-05	50.88919	40.04386
