60	169.829360683	84.91721	341.3477	57245530.0	74.32354	72.35232	1.034701e-05	46.33092	2.186342
100	169.757838606	84.92237	341.2226	57127030.0	74.94579	72.80032	1.034701e-05	46.2528	2.181595
140	165.667636145	84.92237	334.355	61500620.0	74.94579	72.80032	1.034701e-05	46.99434	2.226482
180	163.384829781	84.92237	329.7484	57315310.0	74.94579	72.80032	1.034701e-05	32.21018	1.733971
220	162.85157978	84.87831	328.5921	53869550.0	84.1135	77.85411	1.034742e-05	31.44582	1.677392
260	17.437190062	76.35911	64.8882	129238000.0	79.41107	49.27076	2.170788e-05	78.09962	28.24678
300	17.437190062	76.35911	64.8882	129238000.0	79.41107	49.27076	2.170788e-05	78.09962	28.24678
340	16.9720237636	76.33625	65.11996	123537600.0	79.23417	48.84712	2.23495e-05	76.67198	29.96797
380	16.7005674614	76.32963	63.30231	119697100.0	79.13964	48.86177	2.155612e-05	75.80826	29.92269
420	16.594673342	76.64749	62.11812	128819900.0	79.42787	49.51911	2.166917e-05	78.03264	29.69151
460	16.5460260545	76.74959	60.32172	139423300.0	79.78715	50.39222	2.176626e-05	79.05454	29.22263
500	16.3653234732	76.74959	58.68163	133188600.0	79.78715	50.39222	2.082554e-05	77.53916	29.15936
540	15.9739337559	76.74959	56.83877	130237600.0	79.78715	50.39222	2.082554e-05	74.22607	30.11824
580	15.7765153713	76.90041	57.92441	130010500.0	79.5582	50.2522	2.086944e-05	75.75752	30.51228
620	13.2623177941	77.74511	55.0057	177125900.0	78.77331	63.33198	2.343903e-05	77.47584	30.20114
660	11.9820800451	77.69812	57.05409	183436100.0	78.38818	63.30904	2.381685e-05	78.19321	32.88187
700	11.7861206804	77.33349	56.81516	181852900.0	78.45757	64.95653	2.388188e-05	76.55001	32.60608
740	11.7147496615	77.33349	56.65496	180948500.0	78.45757	64.95653	2.379739e-05	76.44386	32.6072
780	11.671259509	77.98271	58.29196	180755100.0	84.49576	64.42192	2.379819e-05	77.1839	32.67393
820	7.20894744804	76.51518	60.21383	124987900.0	74.89845	70.07524	2.10785e-05	48.15838	34.15163
860	6.79205098673	75.89012	58.2098	125055800.0	74.94802	71.99931	2.094399e-05	48.03105	34.18332
900	6.21262773982	75.88663	61.4073	129409700.0	75.59309	72.59344	2.081326e-05	48.29059	34.63213
940	5.94021995188	75.46568	61.19462	133883700.0	75.07834	73.33885	2.082599e-05	48.50661	34.88096
980	5.18819583596	81.03538	59.47392	147521500.0	74.335	79.34358	2.000869e-05	50.5604	34.1607
1020	2.58333054341	80.7253	60.52443	168809200.0	73.05852	78.80352	2.074199e-05	52.60129	37.78416
1060	2.16505941033	80.7253	60.59909	158511000.0	73.05852	78.80352	2.026346e-05	52.20949	37.92822
1100	1.99489770768	80.7253	59.7742	149652700.0	73.05852	78.80352	1.992912e-05	51.90987	38.09181
1140	1.99117369858	80.7253	59.5358	148096700.0	73.05852	78.80352	1.979305e-05	51.84259	38.1161
1180	1.67726883883	79.76667	60.42583	153618000.0	72.75554	81.08823	2.000605e-05	51.71357	38.53226
1220	1.49889664451	79.7084	61.97602	166594100.0	72.59123	80.94168	1.986098e-05	52.05023	38.90268
1260	1.4755379663	79.7084	61.98863	164890400.0	72.59123	80.94168	1.97869e-05	52.01095	38.94398
1300	0.96540960864	80.14046	61.00767	148741500.0	73.86437	79.29482	1.978712e-05	51.16795	39.16225
1340	0.96540960864	80.14046	61.00767	148741500.0	73.86437	79.29482	1.978712e-05	51.16795	39.16225
1380	0.95083826053	80.14046	60.94842	148446400.0	73.86437	79.29482	1.978766e-05	51.16803	39.18386
1420	0.904532978621	80.23726	60.42984	145910800.0	74.16069	78.98893	1.978771e-05	51.01437	39.23102
1460	0.858353599123	80.22235	60.0282	144978900.0	74.11179	79.67726	1.969157e-05	50.97304	39.16776
1500	0.858353599123	80.22235	60.0282	144978900.0	74.11179	79.67726	1.969157e-05	50.97304	39.16776
1540	0.653980695449	80.15872	61.25828	149188100.0	73.83015	79.77177	1.989937e-05	51.07852	39.61902
1580	0.650749128724	80.15872	61.24733	149120400.0	73.83015	79.77177	1.989947e-05	51.07996	39.62617
1620	0.650749128724	80.15872	61.24733	149120400.0	73.83015	79.77177	1.989947e-05	51.07996	39.62617
1660	0.648947729757	80.15872	60.75929	147375000.0	73.83015	79.77177	1.98995e-05	51.03278	39.6302
1700	0.648947729757	80.15872	60.75929	147375000.0	73.83015	79.77177	1.98995e-05	51.03278	39.6302
1740	0.648947729757	80.15872	60.75929	147375000.0	73.83015	79.77177	1.98995e-05	51.03278	39.6302
1780	0.648947729757	80.15872	60.75929	147375000.0	73.83015	79.77177	1.98995e-05	51.03278	39.6302
1820	0.648947729757	80.15872	60.75929	147375000.0	73.83015	79.77177	1.98995e-05	51.03278	39.6302
1860	0.626467175756	80.21968	61.43842	148841200.0	74.37429	78.9148	1.989958e-05	51.17973	39.68924
1900	0.626467175756	80.21968	61.43842	148841200.0	74.37429	78.9148	1.989958e-05	51.17973	39.68924
1940	0.548347812171	80.21219	61.31351	148654500.0	74.34999	79.23804	1.990178e-05	51.17481	39.65424
1980	0.544568638997	80.19922	61.17308	148374600.0	74.22769	79.42788	1.990176e-05	51.14399	39.64209
2020	0.544568638997	80.19922	61.17308	148374600.0	74.22769	79.42788	1.990176e-05	51.14399	39.64209
2060	0.544568638997	80.19922	61.17308	148374600.0	74.22769	79.42788	1.990176e-05	51.14399	39.64209
2100	0.544568638997	80.19922	61.17308	148374600.0	74.22769	79.42788	1.990176e-05	51.14399	39.64209
2140	0.544568638997	80.19922	61.17308	148374600.0	74.22769	79.42788	1.990176e-05	51.14399	39.64209
2180	0.544568638997	80.19922	61.17308	148374600.0	74.22769	79.42788	1.990176e-05	51.14399	39.64209
2220	0.544568638997	80.19922	61.17308	148374600.0	74.22769	79.42788	1.990176e-05	51.14399	39.64209
2260	0.544568638997	80.19922	61.17308	148374600.0	74.22769	79.42788	1.990176e-05	51.14399	39.64209
2300	0.544568638997	80.19922	61.17308	148374600.0	74.22769	79.42788	1.990176e-05	51.14399	39.64209
2340	0.544568638997	80.19922	61.17308	148374600.0	74.22769	79.42788	1.990176e-05	51.14399	39.64209
2380	0.544568638997	80.19922	61.17308	148374600.0	74.22769	79.42788	1.990176e-05	51.14399	39.64209
2420	0.544568638997	80.19922	61.17308	148374600.0	74.22769	79.42788	1.990176e-05	51.14399	39.64209
2460	0.54067876438	80.19922	62.96839	156482600.0	74.22769	79.42788	1.990176e-05	51.35248	39.64972
2500	0.54067876438	80.19922	62.96839	156482600.0	74.22769	79.42788	1.990176e-05	51.35248	39.64972
2540	0.54067876438	80.19922	62.96839	156482600.0	74.22769	79.42788	1.990176e-05	51.35248	39.64972
2580	0.54067876438	80.19922	62.96839	156482600.0	74.22769	79.42788	1.990176e-05	51.35248	39.64972
2620	0.54067876438	80.19922	62.96839	156482600.0	74.22769	79.42788	1.990176e-05	51.35248	39.64972
2660	0.54067876438	80.19922	62.96839	156482600.0	74.22769	79.42788	1.990176e-05	51.35248	39.64972
2700	0.54067876438	80.19922	62.96839	156482600.0	74.22769	79.42788	1.990176e-05	51.35248	39.64972
2740	0.54067876438	80.19922	62.96839	156482600.0	74.22769	79.42788	1.990176e-05	51.35248	39.64972
2780	0.54067876438	80.19922	62.96839	156482600.0	74.22769	79.42788	1.990176e-05	51.35248	39.64972
2820	0.54067876438	80.19922	62.96839	156482600.0	74.22769	79.42788	1.990176e-05	51.35248	39.64972
2860	0.42603064392	80.27889	62.3893	152850000.0	74.48344	79.74536	1.990596e-05	51.18184	39.62555
2900	0.42603064392	80.27889	62.3893	152850000.0	74.48344	79.74536	1.990596e-05	51.18184	39.62555
2940	0.42603064392	80.27889	62.3893	152850000.0	74.48344	79.74536	1.990596e-05	51.18184	39.62555
2980	0.42603064392	80.27889	62.3893	152850000.0	74.48344	79.74536	1.990596e-05	51.18184	39.62555
3020	0.366776327423	80.21862	63.01136	156279300.0	74.28785	79.9579	2.004747e-05	51.30015	39.86407
3060	0.366776327423	80.21862	63.01136	156279300.0	74.28785	79.9579	2.004747e-05	51.30015	39.86407
3100	0.366776327423	80.21862	63.01136	156279300.0	74.28785	79.9579	2.004747e-05	51.30015	39.86407
3140	0.366776327423	80.21862	63.01136	156279300.0	74.28785	79.9579	2.004747e-05	51.30015	39.86407
3180	0.366776327423	80.21862	63.01136	156279300.0	74.28785	79.9579	2.004747e-05	51.30015	39.86407
3220	0.366776327423	80.21862	63.01136	156279300.0	74.28785	79.9579	2.004747e-05	51.30015	39.86407
3260	0.366776327423	80.21862	63.01136	156279300.0	74.28785	79.9579	2.004747e-05	51.30015	39.86407
3300	0.366776327423	80.21862	63.01136	156279300.0	74.28785	79.9579	2.004747e-05	51.30015	39.86407
3340	0.278366572551	80.31013	62.69549	153216400.0	74.58517	79.63908	2.004752e-05	51.14629	39.90706
3380	0.278366572551	80.31013	62.69549	153216400.0	74.58517	79.63908	2.004752e-05	51.14629	39.90706
3420	0.278366572551	80.31013	62.69549	153216400.0	74.58517	79.63908	2.004752e-05	51.14629	39.90706
3460	0.278366572551	80.31013	62.69549	153216400.0	74.58517	79.63908	2.004752e-05	51.14629	39.90706
3500	0.278366572551	80.31013	62.69549	153216400.0	74.58517	79.63908	2.004752e-05	51.14629	39.90706
3540	0.278366572551	80.31013	62.69549	153216400.0	74.58517	79.63908	2.004752e-05	51.14629	39.90706
3580	0.278366572551	80.31013	62.69549	153216400.0	74.58517	79.63908	2.004752e-05	51.14629	39.90706
3620	0.278366572551	80.31013	62.69549	153216400.0	74.58517	79.63908	2.004752e-05	51.14629	39.90706
3660	0.278366572551	80.31013	62.69549	153216400.0	74.58517	79.63908	2.004752e-05	51.14629	39.90706
3700	0.278366572551	80.31013	62.69549	153216400.0	74.58517	79.63908	2.004752e-05	51.14629	39.90706
3740	0.278042525488	80.31013	61.7442	149300600.0	74.58517	79.63908	2.004752e-05	51.04605	39.90831
3780	0.252163727779	80.30297	61.6256	149107200.0	74.561	79.94438	2.004947e-05	51.04075	39.87347
3820	0.252163727779	80.30297	61.6256	149107200.0	74.561	79.94438	2.004947e-05	51.04075	39.87347
3860	0.252163727779	80.30297	61.6256	149107200.0	74.561	79.94438	2.004947e-05	51.04075	39.87347
3900	0.252163727779	80.30297	61.6256	149107200.0	74.561	79.94438	2.004947e-05	51.04075	39.87347
3940	0.252163727779	80.30297	61.6256	149107200.0	74.561	79.94438	2.004947e-05	51.04075	39.87347
3980	0.228216207129	80.31585	61.76449	149390700.0	74.68955	79.74514	2.004949e-05	51.07234	39.88504
4020	0.227488983269	80.31585	62.24526	151285000.0	74.68955	79.74514	2.004949e-05	51.12131	39.8869
4060	0.227488983269	80.31585	62.24526	151285000.0	74.68955	79.74514	2.004949e-05	51.12131	39.8869
4100	0.227488983269	80.31585	62.24526	151285000.0	74.68955	79.74514	2.004949e-05	51.12131	39.8869
4140	0.222070913505	80.30875	62.12579	151071800.0	74.6655	80.04239	2.005137e-05	51.11676	39.85598
4180	0.136559997117	81.86822	64.89496	105666800.0	75.3113	81.60796	2.007725e-05	44.68819	40.40135
4220	0.0	81.86822	64.72439	105699400.0	75.3113	81.60796	1.998099e-05	44.69043	40.41016
