 0.00000000e+00  2.67330144e+02  0.00000000e+00  1.87052594e+00 
 1.00000000e-11  2.67330144e+02  1.00000000e-11  1.87052594e+00 
 2.00000000e-11  2.67330144e+02  2.00000000e-11  1.87052594e+00 
 4.00000000e-11  2.67330144e+02  4.00000000e-11  1.87052594e+00 
 8.00000000e-11  2.67330144e+02  8.00000000e-11  1.87052594e+00 
 1.60000000e-10  2.67330144e+02  1.60000000e-10  1.87052594e+00 
 3.20000000e-10  2.67330144e+02  3.20000000e-10  1.87052594e+00 
 6.40000000e-10  2.67330144e+02  6.40000000e-10  1.87052594e+00 
 1.00000000e-09  2.67330144e+02  1.00000000e-09  1.87052594e+00 
 1.06400000e-09  2.67330144e+02  1.06400000e-09  1.87052594e+00 
 1.19200000e-09  2.67330144e+02  1.19200000e-09  1.87052594e+00 
 1.44800000e-09  2.67330144e+02  1.44800000e-09  1.87052594e+00 
 1.96000000e-09  2.67330144e+02  1.96000000e-09  1.87052594e+00 
 2.00000000e-09  2.67330144e+02  2.00000000e-09  1.87052594e+00 
 2.05545591e-09  2.67330144e+02  2.05545591e-09  1.87052594e+00 
 2.16636774e-09  2.67330144e+02  2.16636774e-09  1.87052594e+00 
 2.38819140e-09  2.67330144e+02  2.38819140e-09  1.87052594e+00 
 2.83183871e-09  2.67330144e+02  2.83183871e-09  1.87052594e+00 
 3.38200115e-09  2.67330144e+02  3.38200115e-09  1.87052594e+00 
 4.02724014e-09  2.67330144e+02  4.02724014e-09  1.87052594e+00 
 4.63982174e-09  2.67330144e+02  4.63982174e-09  1.87052594e+00 
 5.41604814e-09  2.67330144e+02  5.41604814e-09  1.87052594e+00 
 6.21607167e-09  2.67330144e+02  6.21607167e-09  1.87052594e+00 
 7.21607167e-09  2.67330144e+02  7.21607167e-09  1.87052594e+00 
 8.21607167e-09  2.67330144e+02  8.21607167e-09  1.87052594e+00 
 9.19195556e-09  2.67330144e+02  9.19195556e-09  1.87052594e+00 
 1.01919556e-08  2.67330144e+02  1.01919556e-08  1.87052594e+00 
 1.11919556e-08  2.67330144e+02  1.11919556e-08  1.87052594e+00 
 1.21919556e-08  2.67330144e+02  1.21919556e-08  1.87052594e+00 
 1.31919556e-08  2.67330144e+02  1.31919556e-08  1.87052594e+00 
 1.41919556e-08  2.67330144e+02  1.41919556e-08  1.87052594e+00 
 1.51919556e-08  2.67330144e+02  1.51919556e-08  1.87052594e+00 
 1.61919556e-08  2.67330144e+02  1.61919556e-08  1.87052594e+00 
 1.71919556e-08  2.67330144e+02  1.71919556e-08  1.87052594e+00 
 1.81919556e-08  2.67330144e+02  1.81919556e-08  1.87052594e+00 
 1.91919556e-08  2.67330144e+02  1.91919556e-08  1.87052594e+00 
 2.01919556e-08  2.67330144e+02  2.01919556e-08  1.87052594e+00 
 2.11919556e-08  2.67330144e+02  2.11919556e-08  1.87052594e+00 
 2.21919556e-08  2.67330144e+02  2.21919556e-08  1.87052594e+00 
 2.31919556e-08  2.67330144e+02  2.31919556e-08  1.87052594e+00 
 2.41919556e-08  2.67330144e+02  2.41919556e-08  1.87052594e+00 
 2.51919556e-08  2.67330144e+02  2.51919556e-08  1.87052594e+00 
 2.61919556e-08  2.67330144e+02  2.61919556e-08  1.87052594e+00 
 2.71919556e-08  2.67330144e+02  2.71919556e-08  1.87052594e+00 
 2.81919556e-08  2.67330144e+02  2.81919556e-08  1.87052594e+00 
 2.91919556e-08  2.67330144e+02  2.91919556e-08  1.87052594e+00 
 3.01919556e-08  2.67330144e+02  3.01919556e-08  1.87052594e+00 
 3.11919556e-08  2.67330144e+02  3.11919556e-08  1.87052594e+00 
 3.21919556e-08  2.67330144e+02  3.21919556e-08  1.87052594e+00 
 3.31919556e-08  2.67330144e+02  3.31919556e-08  1.87052594e+00 
 3.41919556e-08  2.67330144e+02  3.41919556e-08  1.87052594e+00 
 3.51919556e-08  2.67330144e+02  3.51919556e-08  1.87052594e+00 
 3.61919556e-08  2.67330144e+02  3.61919556e-08  1.87052594e+00 
 3.71919556e-08  2.67330144e+02  3.71919556e-08  1.87052594e+00 
 3.81919556e-08  2.67330144e+02  3.81919556e-08  1.87052594e+00 
 3.91919556e-08  2.67330144e+02  3.91919556e-08  1.87052594e+00 
 4.01919556e-08  2.67330144e+02  4.01919556e-08  1.87052594e+00 
 4.11919556e-08  2.67330144e+02  4.11919556e-08  1.87052594e+00 
 4.21919556e-08  2.67330144e+02  4.21919556e-08  1.87052594e+00 
 4.31919556e-08  2.67330144e+02  4.31919556e-08  1.87052594e+00 
 4.41919556e-08  2.67330144e+02  4.41919556e-08  1.87052594e+00 
 4.51919556e-08  2.67330144e+02  4.51919556e-08  1.87052594e+00 
 4.61919556e-08  2.67330144e+02  4.61919556e-08  1.87052594e+00 
 4.71919556e-08  2.67330144e+02  4.71919556e-08  1.87052594e+00 
 4.81919556e-08  2.67330144e+02  4.81919556e-08  1.87052594e+00 
 4.91919556e-08  2.67330144e+02  4.91919556e-08  1.87052594e+00 
 5.01919556e-08  2.67330144e+02  5.01919556e-08  1.87052594e+00 
 5.11919556e-08  2.67330144e+02  5.11919556e-08  1.87052594e+00 
 5.21919556e-08  2.67330144e+02  5.21919556e-08  1.87052594e+00 
 5.31919556e-08  2.67330144e+02  5.31919556e-08  1.87052594e+00 
 5.41919556e-08  2.67330144e+02  5.41919556e-08  1.87052594e+00 
 5.51919556e-08  2.67330144e+02  5.51919556e-08  1.87052594e+00 
 5.61919556e-08  2.67330144e+02  5.61919556e-08  1.87052594e+00 
 5.71919556e-08  2.67330144e+02  5.71919556e-08  1.87052594e+00 
 5.81919556e-08  2.67330144e+02  5.81919556e-08  1.87052594e+00 
 5.91919556e-08  2.67330144e+02  5.91919556e-08  1.87052594e+00 
 6.01919556e-08  2.67330144e+02  6.01919556e-08  1.87052594e+00 
 6.11919556e-08  2.67330144e+02  6.11919556e-08  1.87052594e+00 
 6.21919556e-08  2.67330144e+02  6.21919556e-08  1.87052594e+00 
 6.31919556e-08  2.67330144e+02  6.31919556e-08  1.87052594e+00 
 6.41919556e-08  2.67330144e+02  6.41919556e-08  1.87052594e+00 
 6.51919556e-08  2.67330144e+02  6.51919556e-08  1.87052594e+00 
 6.61919556e-08  2.67330144e+02  6.61919556e-08  1.87052594e+00 
 6.71919556e-08  2.67330144e+02  6.71919556e-08  1.87052594e+00 
 6.81919556e-08  2.67330144e+02  6.81919556e-08  1.87052594e+00 
 6.91919556e-08  2.67330144e+02  6.91919556e-08  1.87052594e+00 
 7.01919556e-08  2.67330144e+02  7.01919556e-08  1.87052594e+00 
 7.11919556e-08  2.67330144e+02  7.11919556e-08  1.87052594e+00 
 7.21919556e-08  2.67330144e+02  7.21919556e-08  1.87052594e+00 
 7.31919556e-08  2.67330144e+02  7.31919556e-08  1.87052594e+00 
 7.41919556e-08  2.67330144e+02  7.41919556e-08  1.87052594e+00 
 7.51919556e-08  2.67330144e+02  7.51919556e-08  1.87052594e+00 
 7.61919556e-08  2.67330144e+02  7.61919556e-08  1.87052594e+00 
 7.71919556e-08  2.67330144e+02  7.71919556e-08  1.87052594e+00 
 7.81919556e-08  2.67330144e+02  7.81919556e-08  1.87052594e+00 
 7.91919556e-08  2.67330144e+02  7.91919556e-08  1.87052594e+00 
 8.01919556e-08  2.67330144e+02  8.01919556e-08  1.87052594e+00 
 8.11919556e-08  2.67330144e+02  8.11919556e-08  1.87052594e+00 
 8.21919556e-08  2.67330144e+02  8.21919556e-08  1.87052594e+00 
 8.31919556e-08  2.67330144e+02  8.31919556e-08  1.87052594e+00 
 8.41919556e-08  2.67330144e+02  8.41919556e-08  1.87052594e+00 
 8.51919556e-08  2.67330144e+02  8.51919556e-08  1.87052594e+00 
 8.61919556e-08  2.67330144e+02  8.61919556e-08  1.87052594e+00 
 8.71919556e-08  2.67330144e+02  8.71919556e-08  1.87052594e+00 
 8.81919556e-08  2.67330144e+02  8.81919556e-08  1.87052594e+00 
 8.91919556e-08  2.67330144e+02  8.91919556e-08  1.87052594e+00 
 9.01919556e-08  2.67330144e+02  9.01919556e-08  1.87052594e+00 
 9.11919556e-08  2.67330144e+02  9.11919556e-08  1.87052594e+00 
 9.21919556e-08  2.67330144e+02  9.21919556e-08  1.87052594e+00 
 9.31919556e-08  2.67330144e+02  9.31919556e-08  1.87052594e+00 
 9.41919556e-08  2.67330144e+02  9.41919556e-08  1.87052594e+00 
 9.51919556e-08  2.67330144e+02  9.51919556e-08  1.87052594e+00 
 9.61919556e-08  2.67330144e+02  9.61919556e-08  1.87052594e+00 
 9.71919556e-08  2.67330144e+02  9.71919556e-08  1.87052594e+00 
 9.81919556e-08  2.67330144e+02  9.81919556e-08  1.87052594e+00 
 9.91919556e-08  2.67330144e+02  9.91919556e-08  1.87052594e+00 
 1.00191956e-07  2.67330144e+02  1.00191956e-07  1.87052594e+00 
 1.01191956e-07  2.67330144e+02  1.01191956e-07  1.87052594e+00 
 1.02000000e-07  2.67330144e+02  1.02000000e-07  1.87052594e+00 
 1.02100000e-07  2.67330144e+02  1.02100000e-07  1.87052594e+00 
 1.02300000e-07  2.67330144e+02  1.02300000e-07  1.87052594e+00 
 1.02700000e-07  2.67330144e+02  1.02700000e-07  1.87052594e+00 
 1.03000000e-07  2.67330144e+02  1.03000000e-07  1.87052594e+00 
 1.03080000e-07  2.67330144e+02  1.03080000e-07  1.87052594e+00 
 1.03240000e-07  2.67330144e+02  1.03240000e-07  1.87052594e+00 
 1.03560000e-07  2.67330144e+02  1.03560000e-07  1.87052594e+00 
 1.04200000e-07  2.67330144e+02  1.04200000e-07  1.87052594e+00 
 1.05200000e-07  2.67330144e+02  1.05200000e-07  1.87052594e+00 
 1.06200000e-07  2.67330144e+02  1.06200000e-07  1.87052594e+00 
 1.07200000e-07  2.67330144e+02  1.07200000e-07  1.87052594e+00 
 1.08200000e-07  2.67330144e+02  1.08200000e-07  1.87052594e+00 
 1.09200000e-07  2.67330144e+02  1.09200000e-07  1.87052594e+00 
 1.10200000e-07  2.67330144e+02  1.10200000e-07  1.87052594e+00 
 1.11200000e-07  2.67330144e+02  1.11200000e-07  1.87052594e+00 
 1.12200000e-07  2.67330144e+02  1.12200000e-07  1.87052594e+00 
 1.13200000e-07  2.67330144e+02  1.13200000e-07  1.87052594e+00 
 1.14200000e-07  2.67330144e+02  1.14200000e-07  1.87052594e+00 
 1.15200000e-07  2.67330144e+02  1.15200000e-07  1.87052594e+00 
 1.16200000e-07  2.67330144e+02  1.16200000e-07  1.87052594e+00 
 1.17200000e-07  2.67330144e+02  1.17200000e-07  1.87052594e+00 
 1.18200000e-07  2.67330144e+02  1.18200000e-07  1.87052594e+00 
 1.19200000e-07  2.67330144e+02  1.19200000e-07  1.87052594e+00 
 1.20200000e-07  2.67330144e+02  1.20200000e-07  1.87052594e+00 
 1.21200000e-07  2.67330144e+02  1.21200000e-07  1.87052594e+00 
 1.22200000e-07  2.67330144e+02  1.22200000e-07  1.87052594e+00 
 1.23200000e-07  2.67330144e+02  1.23200000e-07  1.87052594e+00 
 1.24200000e-07  2.67330144e+02  1.24200000e-07  1.87052594e+00 
 1.25200000e-07  2.67330144e+02  1.25200000e-07  1.87052594e+00 
 1.26200000e-07  2.67330144e+02  1.26200000e-07  1.87052594e+00 
 1.27200000e-07  2.67330144e+02  1.27200000e-07  1.87052594e+00 
 1.28200000e-07  2.67330144e+02  1.28200000e-07  1.87052594e+00 
 1.29200000e-07  2.67330144e+02  1.29200000e-07  1.87052594e+00 
 1.30200000e-07  2.67330144e+02  1.30200000e-07  1.87052594e+00 
 1.31200000e-07  2.67330144e+02  1.31200000e-07  1.87052594e+00 
 1.32200000e-07  2.67330144e+02  1.32200000e-07  1.87052594e+00 
 1.33200000e-07  2.67330144e+02  1.33200000e-07  1.87052594e+00 
 1.34200000e-07  2.67330144e+02  1.34200000e-07  1.87052594e+00 
 1.35200000e-07  2.67330144e+02  1.35200000e-07  1.87052594e+00 
 1.36200000e-07  2.67330144e+02  1.36200000e-07  1.87052594e+00 
 1.37200000e-07  2.67330144e+02  1.37200000e-07  1.87052594e+00 
 1.38200000e-07  2.67330144e+02  1.38200000e-07  1.87052594e+00 
 1.39200000e-07  2.67330144e+02  1.39200000e-07  1.87052594e+00 
 1.40200000e-07  2.67330144e+02  1.40200000e-07  1.87052594e+00 
 1.41200000e-07  2.67330144e+02  1.41200000e-07  1.87052594e+00 
 1.42200000e-07  2.67330144e+02  1.42200000e-07  1.87052594e+00 
 1.43200000e-07  2.67330144e+02  1.43200000e-07  1.87052594e+00 
 1.44200000e-07  2.67330144e+02  1.44200000e-07  1.87052594e+00 
 1.45200000e-07  2.67330144e+02  1.45200000e-07  1.87052594e+00 
 1.46200000e-07  2.67330144e+02  1.46200000e-07  1.87052594e+00 
 1.47200000e-07  2.67330144e+02  1.47200000e-07  1.87052594e+00 
 1.48200000e-07  2.67330144e+02  1.48200000e-07  1.87052594e+00 
 1.49200000e-07  2.67330144e+02  1.49200000e-07  1.87052594e+00 
 1.50200000e-07  2.67330144e+02  1.50200000e-07  1.87052594e+00 
 1.51200000e-07  2.67330144e+02  1.51200000e-07  1.87052594e+00 
 1.52200000e-07  2.67330144e+02  1.52200000e-07  1.87052594e+00 
 1.53200000e-07  2.67330144e+02  1.53200000e-07  1.87052594e+00 
 1.54200000e-07  2.67330144e+02  1.54200000e-07  1.87052594e+00 
 1.55200000e-07  2.67330144e+02  1.55200000e-07  1.87052594e+00 
 1.56200000e-07  2.67330144e+02  1.56200000e-07  1.87052594e+00 
 1.57200000e-07  2.67330144e+02  1.57200000e-07  1.87052594e+00 
 1.58200000e-07  2.67330144e+02  1.58200000e-07  1.87052594e+00 
 1.59200000e-07  2.67330144e+02  1.59200000e-07  1.87052594e+00 
 1.60200000e-07  2.67330144e+02  1.60200000e-07  1.87052594e+00 
 1.61200000e-07  2.67330144e+02  1.61200000e-07  1.87052594e+00 
 1.62200000e-07  2.67330144e+02  1.62200000e-07  1.87052594e+00 
 1.63200000e-07  2.67330144e+02  1.63200000e-07  1.87052594e+00 
 1.64200000e-07  2.67330144e+02  1.64200000e-07  1.87052594e+00 
 1.65200000e-07  2.67330144e+02  1.65200000e-07  1.87052594e+00 
 1.66200000e-07  2.67330144e+02  1.66200000e-07  1.87052594e+00 
 1.67200000e-07  2.67330144e+02  1.67200000e-07  1.87052594e+00 
 1.68200000e-07  2.67330144e+02  1.68200000e-07  1.87052594e+00 
 1.69200000e-07  2.67330144e+02  1.69200000e-07  1.87052594e+00 
 1.70200000e-07  2.67330144e+02  1.70200000e-07  1.87052594e+00 
 1.71200000e-07  2.67330144e+02  1.71200000e-07  1.87052594e+00 
 1.72200000e-07  2.67330144e+02  1.72200000e-07  1.87052594e+00 
 1.73200000e-07  2.67330144e+02  1.73200000e-07  1.87052594e+00 
 1.74200000e-07  2.67330144e+02  1.74200000e-07  1.87052594e+00 
 1.75200000e-07  2.67330144e+02  1.75200000e-07  1.87052594e+00 
 1.76200000e-07  2.67330144e+02  1.76200000e-07  1.87052594e+00 
 1.77200000e-07  2.67330144e+02  1.77200000e-07  1.87052594e+00 
 1.78200000e-07  2.67330144e+02  1.78200000e-07  1.87052594e+00 
 1.79200000e-07  2.67330144e+02  1.79200000e-07  1.87052594e+00 
 1.80200000e-07  2.67330144e+02  1.80200000e-07  1.87052594e+00 
 1.81200000e-07  2.67330144e+02  1.81200000e-07  1.87052594e+00 
 1.82200000e-07  2.67330144e+02  1.82200000e-07  1.87052594e+00 
 1.83200000e-07  2.67330144e+02  1.83200000e-07  1.87052594e+00 
 1.84200000e-07  2.67330144e+02  1.84200000e-07  1.87052594e+00 
 1.85200000e-07  2.67330144e+02  1.85200000e-07  1.87052594e+00 
 1.86200000e-07  2.67330144e+02  1.86200000e-07  1.87052594e+00 
 1.87200000e-07  2.67330144e+02  1.87200000e-07  1.87052594e+00 
 1.88200000e-07  2.67330144e+02  1.88200000e-07  1.87052594e+00 
 1.89200000e-07  2.67330144e+02  1.89200000e-07  1.87052594e+00 
 1.90200000e-07  2.67330144e+02  1.90200000e-07  1.87052594e+00 
 1.91200000e-07  2.67330144e+02  1.91200000e-07  1.87052594e+00 
 1.92200000e-07  2.67330144e+02  1.92200000e-07  1.87052594e+00 
 1.93200000e-07  2.67330144e+02  1.93200000e-07  1.87052594e+00 
 1.94200000e-07  2.67330144e+02  1.94200000e-07  1.87052594e+00 
 1.95200000e-07  2.67330144e+02  1.95200000e-07  1.87052594e+00 
 1.96200000e-07  2.67330144e+02  1.96200000e-07  1.87052594e+00 
 1.97200000e-07  2.67330144e+02  1.97200000e-07  1.87052594e+00 
 1.98200000e-07  2.67330144e+02  1.98200000e-07  1.87052594e+00 
 1.99200000e-07  2.67330144e+02  1.99200000e-07  1.87052594e+00 
 2.00000000e-07  2.67330144e+02  2.00000000e-07  1.87052594e+00 
